0 Untitled Model
0 Name:  Diamond
0 Author:  
0 CustomBrick
0 NumOfBricks:  19
1 0 -20.000000 -16.000000 10.000000 1.000000 0.000000 0.000000 0.000000 1.000000 0.000000 0.000000 0.000000 1.000000 77845.dat
1 0 -60.000000 -8.000000 10.000000 1.000000 0.000000 0.000000 0.000000 1.000000 0.000000 0.000000 0.000000 1.000000 77845.dat
1 0 -24.999940 -16.000000 70.621800 -0.499999 0.000000 -0.866026 0.000000 1.000000 0.000000 0.866026 0.000000 -0.499999 77845.dat
1 0 -4.999970 -8.000000 35.980770 -0.499999 0.000000 -0.866026 0.000000 1.000000 0.000000 0.866026 0.000000 -0.499999 77845.dat
1 0 -54.999980 -8.000000 70.621850 0.500002 0.000000 -0.866024 0.000000 1.000000 0.000000 0.866024 0.000000 0.500002 77845.dat
1 0 -75.000000 -16.000000 35.980760 0.500000 0.000000 -0.866026 0.000000 1.000000 0.000000 0.866026 0.000000 0.500000 77845.dat
1 0 42.321080 -16.000000 45.980250 0.500008 0.000000 -0.866035 0.000000 1.000000 0.000000 0.866023 0.000000 0.500001 77845.dat
1 0 12.320770 -8.000000 45.980300 0.500002 0.000000 0.866038 0.000000 1.000000 0.000000 -0.866025 0.000000 0.499995 77845.dat
1 0 -7.679410 -16.000000 80.621790 0.499999 0.000000 0.866026 0.000000 1.000000 0.000000 -0.866026 0.000000 0.499999 77845.dat
1 0 62.322180 -8.000000 80.621400 0.500008 0.000000 -0.866035 0.000000 1.000000 0.000000 0.866023 0.000000 0.500001 77845.dat
1 0 7.320950 -8.000000 106.602300 1.000012 0.000000 0.000003 0.000000 1.000000 0.000000 -0.000002 0.000000 0.999999 77845.dat
1 0 47.321360 -16.000000 106.602200 1.000012 0.000000 0.000005 0.000000 1.000000 0.000000 -0.000005 0.000000 1.000000 77845.dat
1 4 -66.339740 -24.000000 30.980760 0.866025 0.000000 0.500000 0.000000 1.000000 0.000000 -0.500000 0.000000 0.866025 65429.dat
1 4 -60.000000 -24.000000 20.000000 0.000000 0.000000 1.000000 0.000000 1.000000 0.000000 -1.000000 0.000000 0.000000 65426.dat
1 4 53.660960 -24.000000 85.621520 -0.866025 0.000000 -0.500000 0.000000 1.000000 0.000000 0.500000 0.000000 -0.866025 65429.dat
1 4 47.321250 -24.000000 96.602250 0.000001 0.000000 -0.999999 0.000000 1.000000 0.000000 1.000000 0.000000 0.000000 65426.dat
1 4 -6.339700 -24.000000 58.301280 -0.500000 0.000000 -0.866026 0.000000 1.000000 0.000000 0.866026 0.000000 -0.500000 87079.dat
1 4 -31.339640 -24.000000 101.602600 -0.866026 0.000000 0.499999 0.000000 1.000000 0.000000 -0.499999 0.000000 -0.866026 1748.dat
1 4 18.660600 -24.000000 14.999520 0.866024 0.000000 -0.500003 0.000000 1.000000 0.000000 0.500003 0.000000 0.866024 1748.dat
