0 Untitled Model
0 Name:  HalfHex
0 Author:  
0 CustomBrick
0 NumOfBricks:  28
1 0 -20.000000 -16.000000 10.000000 1.000000 0.000000 0.000000 0.000000 1.000000 0.000000 0.000000 0.000000 1.000000 77845.dat
1 0 -60.000000 -8.000000 10.000000 1.000000 0.000000 0.000000 0.000000 1.000000 0.000000 0.000000 0.000000 1.000000 77845.dat
1 0 -24.999940 -16.000000 70.621800 -0.499999 0.000000 -0.866026 0.000000 1.000000 0.000000 0.866026 0.000000 -0.499999 77845.dat
1 0 -4.999970 -8.000000 35.980770 -0.499999 0.000000 -0.866026 0.000000 1.000000 0.000000 0.866026 0.000000 -0.499999 77845.dat
1 0 -54.999980 -8.000000 70.621850 0.500002 0.000000 -0.866024 0.000000 1.000000 0.000000 0.866024 0.000000 0.500002 77845.dat
1 0 -75.000000 -16.000000 35.980760 0.500000 0.000000 -0.866026 0.000000 1.000000 0.000000 0.866026 0.000000 0.500000 77845.dat
1 0 42.321080 -16.000000 45.980250 0.500008 0.000000 -0.866035 0.000000 1.000000 0.000000 0.866023 0.000000 0.500001 77845.dat
1 0 12.320770 -8.000000 45.980300 0.500002 0.000000 0.866038 0.000000 1.000000 0.000000 -0.866025 0.000000 0.499995 77845.dat
1 0 -7.679410 -16.000000 80.621790 0.499999 0.000000 0.866026 0.000000 1.000000 0.000000 -0.866026 0.000000 0.499999 77845.dat
1 0 62.322180 -8.000000 80.621400 0.500008 0.000000 -0.866035 0.000000 1.000000 0.000000 0.866023 0.000000 0.500001 77845.dat
1 0 7.320950 -8.000000 106.602300 1.000012 0.000000 0.000003 0.000000 1.000000 0.000000 -0.000002 0.000000 0.999999 77845.dat
1 0 47.321360 -16.000000 106.602200 1.000012 0.000000 0.000005 0.000000 1.000000 0.000000 -0.000005 0.000000 1.000000 77845.dat
1 4 70.980900 -24.000000 75.621510 0.866028 0.000000 0.499997 0.000000 1.000000 0.000000 -0.499997 0.000000 0.866028 66857.dat
1 0 114.641200 -16.000000 9.999670 1.000000 0.000000 0.000000 0.000000 1.000000 0.000000 0.000000 0.000000 1.000000 77845.dat
1 0 74.641250 -8.000000 9.999660 0.999999 0.000000 0.000000 0.000000 1.000000 0.000000 0.000000 0.000000 1.000001 77845.dat
1 0 109.641200 -16.000000 70.621540 -0.499999 0.000000 -0.866025 0.000000 1.000000 0.000000 0.866027 0.000000 -0.500000 77845.dat
1 0 129.641200 -8.000000 35.980460 -0.499999 0.000000 -0.866025 0.000000 1.000000 0.000000 0.866027 0.000000 -0.500000 77845.dat
1 0 79.641240 -8.000000 70.621620 0.500001 0.000000 -0.866024 0.000000 1.000000 0.000000 0.866026 0.000000 0.500003 77845.dat
1 0 59.641250 -16.000000 35.980460 0.499999 0.000000 -0.866025 0.000000 1.000000 0.000000 0.866027 0.000000 0.500001 77845.dat
1 4 -16.339670 -24.000000 75.621780 0.866026 0.000000 -0.499998 0.000000 1.000000 0.000000 0.499998 0.000000 0.866026 66857.dat
1 4 -66.339740 -24.000000 30.980760 0.866025 0.000000 0.500000 0.000000 1.000000 0.000000 -0.500000 0.000000 0.866025 65429.dat
1 4 -60.000000 -24.000000 20.000000 0.000000 0.000000 1.000000 0.000000 1.000000 0.000000 -1.000000 0.000000 0.000000 65426.dat
1 4 120.981000 -24.000000 30.980460 0.866025 0.000000 -0.500000 0.000000 1.000000 0.000000 0.500000 0.000000 0.866025 65426.dat
1 4 114.641400 -24.000000 19.999760 0.000000 0.000000 -1.000001 0.000000 1.000000 0.000000 1.000000 0.000000 0.000000 65429.dat
1 4 27.321240 -24.000000 86.602220 1.000000 0.000000 0.000000 0.000000 1.000000 0.000000 0.000000 0.000000 1.000000 22385.dat
1 4 -5.000000 -24.000000 18.660250 0.500000 0.000000 -0.866026 0.000000 1.000000 0.000000 0.866026 0.000000 0.500000 35480.dat
1 4 27.321000 -24.000000 37.320000 -1.000000 0.000000 0.000003 0.000000 1.000000 0.000000 -0.000003 0.000000 -1.000000 35480.dat
1 4 59.641260 -24.000000 18.659930 -0.499999 0.000000 -0.866026 0.000000 1.000000 0.000000 0.866026 0.000000 -0.499999 35480.dat
