0 Untitled Model
0 Name:  UntitledModel
0 Author:  Michael Verschaeve
0 CustomBrick
1 71 -2.000000 -8.000000 -46.000000 1.000000 0.000000 0.000000 0.000000 -1.000000 0.000000 0.000000 0.000000 -1.000000 27255.dat
1 15 -1.999980 -16.000000 -96.000020 -1.000000 0.000000 0.000000 0.000000 -1.000000 0.000000 0.000000 0.000000 1.000000 48336.dat
1 15 -1.999970 -37.522860 -111.219000 1.000000 0.000000 0.000000 0.000000 0.333332 -0.942810 0.000000 0.942810 0.333332 60470b.dat
1 71 -1.999980 -87.329980 -102.094900 0.500001 0.000000 0.866025 0.816497 0.333332 -0.471406 -0.288674 0.942810 0.166666 27255.dat
1 15 41.301260 -108.233600 -86.219130 -0.500001 0.000000 -0.866025 -0.816497 0.333332 0.471405 0.288674 0.942810 -0.166666 48336.dat
1 15 54.481320 -108.233900 -63.390540 0.500002 -0.816497 -0.288674 0.816497 0.333337 0.471403 -0.288674 -0.471403 0.833334 60470b.dat
1 15 41.301240 -16.000000 -21.000000 0.500001 0.000000 -0.866025 0.000000 -1.000000 0.000000 -0.866025 0.000000 -0.500001 48336.dat
1 15 54.481260 -37.522860 -13.390460 -0.500001 -0.816498 -0.288674 0.000000 0.333332 -0.942811 0.866025 -0.471406 -0.166666 60470b.dat
1 15 -45.301200 -16.000000 -21.000000 0.500000 0.000000 0.866025 0.000000 -1.000000 0.000000 0.866025 0.000000 -0.500000 48336.dat
1 15 -58.481280 -37.522860 -13.390500 -0.500002 0.816500 0.288674 0.000000 0.333332 -0.942810 -0.866024 -0.471406 -0.166666 60470b.dat
1 71 46.579540 -87.329980 -17.952530 -0.000002 -0.816497 -0.577350 0.816497 0.333332 -0.471405 0.577350 -0.471405 0.666666 27255.dat
1 15 11.179990 -108.233600 11.609570 0.000001 -0.816497 0.577351 -0.816497 0.333332 0.471406 -0.577352 -0.471405 -0.666666 48336.dat
1 15 -15.180190 -108.233900 11.609570 -0.000002 0.816496 -0.577351 0.816497 0.333337 0.471404 0.577353 -0.471405 -0.666666 60470b.dat
1 15 -45.301240 -108.233500 -86.219180 -0.499999 0.000000 0.866026 0.816498 0.333332 0.471404 -0.288674 0.942810 -0.166665 48336.dat
1 15 -58.481360 -108.233300 -63.390550 0.499994 0.816481 0.288673 -0.816490 0.333331 0.471397 0.288672 -0.471404 0.833334 60470b.dat
1 71 -50.579720 -87.330040 -17.952470 0.000003 0.816495 0.577353 -0.816492 0.333340 -0.471407 -0.577356 -0.471403 0.666663 27255.dat
1 4 32.641020 -108.852900 -102.970700 0.866025 0.000000 -0.500001 -0.471406 0.333332 -0.816497 0.166666 0.942810 0.288674 15535.dat
1 4 -2.000010 -52.284220 -122.970700 1.000000 0.000000 0.000000 0.000000 0.333332 -0.942810 0.000000 0.942810 0.333332 15535.dat
1 4 -36.641050 -108.852800 -102.970700 0.499999 0.000000 -0.866026 -0.816498 0.333332 -0.471404 0.288674 0.942810 0.166666 15535.dat
1 2 -34.017530 -108.853000 12.485280 0.577353 0.816495 -0.000003 -0.471407 0.333340 0.816493 0.666663 -0.471403 0.577356 15535.dat
1 2 -68.658680 -108.852700 -47.514740 0.500003 0.816495 0.288674 -0.816497 0.333340 0.471399 0.288668 -0.471403 0.833337 15535.dat
1 2 -68.658840 -52.284510 -7.514330 0.500001 0.816495 -0.288679 -0.000003 0.333340 0.942807 0.866025 -0.471403 0.166673 15535.dat
1 1 30.017530 -108.852800 12.485350 0.000001 -0.816497 0.577350 -0.816497 0.333332 0.471405 -0.577350 -0.471405 -0.666666 15535.dat
1 1 64.658580 -108.852800 -47.514610 0.288677 -0.816497 0.499999 -0.471405 0.333332 0.816497 -0.833333 -0.471406 -0.288675 15535.dat
1 1 64.658480 -52.284240 -7.514660 -0.288674 -0.816497 0.500001 -0.942810 0.333332 0.000000 -0.166666 -0.471406 -0.866025 15535.dat
1 14 32.640980 0.000000 -25.999940 -0.866025 0.000000 -0.500001 0.000000 -1.000000 0.000000 -0.500001 0.000000 0.866025 15535.dat
1 14 -36.641010 0.000000 -25.999980 -0.500001 0.000000 -0.866025 0.000000 -1.000000 0.000000 -0.866025 0.000000 0.500000 15535.dat
1 14 -2.000000 0.000000 -86.000000 -1.000000 0.000000 0.000000 0.000000 -1.000000 0.000000 0.000000 0.000000 1.000000 15535.dat
