0 Untitled Model
0 Name:  truncoTiled
0 Author:  Michael Verschaeve
0 CustomBrick
0 NumOfBricks:  28
1 1 -37.075570 -69.577030 -23.401040 0.866025 0.000000 -0.500000 0.000000 1.000000 0.000000 0.500000 0.000000 0.866025 18674.dat
1 1 -2.434570 -69.577030 36.598970 1.000000 0.000000 0.000000 0.000000 1.000000 0.000000 0.000000 0.000000 1.000000 18674.dat
1 1 32.206420 -69.577030 -23.401080 0.500001 0.000000 -0.866025 0.000000 1.000000 0.000000 0.866025 0.000000 0.500001 18674.dat
1 71 -2.434560 -61.577000 -3.401030 1.000000 0.000000 0.000000 0.000000 1.000000 0.000000 0.000000 0.000000 1.000000 27255.dat
1 71 -51.014840 17.752800 -31.448020 -0.500005 0.816496 -0.288669 -0.816493 -0.333339 0.471407 0.288678 0.471402 0.833334 27255.dat
1 71 46.143970 17.753300 -31.448800 -0.499999 -0.816494 0.288684 0.816501 -0.333333 0.471399 -0.288666 0.471409 0.833334 27255.dat
1 71 -2.434740 17.752940 52.693780 0.499998 -0.000006 -0.866027 0.816497 -0.333334 0.471405 -0.288678 -0.942809 -0.166662 27255.dat
1 14 64.222770 -17.292210 -41.887060 -0.288672 -0.816493 0.500009 0.942815 -0.333334 -0.000009 0.166672 0.471409 0.866020 15535.dat
1 14 29.581580 39.276920 -61.886700 0.000006 -0.816493 0.577358 0.816499 -0.333334 -0.471414 0.577351 0.471409 0.666663 15535.dat
1 14 64.223180 39.276280 -1.886980 -0.500002 -0.816493 0.288684 0.816507 -0.333334 0.471401 -0.288670 0.471409 0.833333 15535.dat
1 4 -2.434520 -17.292820 73.569430 -0.000002 -0.000006 -1.000000 0.942810 -0.333334 -0.000002 -0.333334 -0.942807 0.000006 15535.dat
1 4 -37.075450 39.275660 53.569710 0.500000 -0.000006 -0.866027 0.816498 -0.333334 0.471404 -0.288678 -0.942807 -0.166661 15535.dat
1 4 32.206460 39.275780 53.569230 -0.500001 -0.000006 -0.866025 0.816497 -0.333334 -0.471406 -0.288672 -0.942807 0.166672 15535.dat
1 2 -34.452600 39.275400 -61.886100 -0.577350 0.816494 0.000010 -0.471399 -0.333340 0.816497 0.666670 0.471402 0.577351 15535.dat
1 2 -69.093860 -17.292840 -41.886050 -0.499997 0.816494 0.288683 0.000004 -0.333340 0.942807 0.866029 0.471402 0.166668 15535.dat
1 2 -69.093400 39.275780 -1.885880 -0.500006 0.816494 -0.288668 -0.816492 -0.333340 0.471408 0.288676 0.471402 0.833336 15535.dat
1 15 -15.615690 38.657300 -61.010280 -0.000004 0.816499 -0.577346 -0.816498 -0.333333 -0.471403 -0.577349 0.471400 0.666671 60470b.dat
1 15 10.744330 38.657160 -61.010500 0.000008 -0.816494 0.577354 0.816494 -0.333333 -0.471410 0.577354 0.471409 0.666660 48336.dat
1 15 -58.915780 -32.054200 -36.010600 -0.499993 0.816500 0.288677 0.000001 -0.333334 0.942809 0.866029 0.471398 0.166664 60470b.dat
1 15 -45.735760 -53.577060 -28.401080 0.500000 0.000000 0.866026 0.000000 1.000000 0.000000 -0.866026 0.000000 0.500000 48336.dat
1 15 54.046670 -32.054100 -36.010460 -0.500008 -0.816493 -0.288674 0.000001 -0.333334 0.942809 -0.866022 0.471411 0.166670 60470b.dat
1 15 40.866620 -53.576960 -28.401000 0.500001 0.000000 -0.866026 0.000000 1.000000 0.000000 0.866025 0.000000 0.500001 48336.dat
1 15 40.866430 38.656460 36.817730 -0.500002 -0.000005 -0.866025 0.816497 -0.333333 -0.471405 -0.288673 -0.942809 0.166672 60470b.dat
1 15 54.046240 38.656560 13.989150 0.499999 -0.816495 -0.288684 -0.816501 -0.333333 -0.471398 0.288667 0.471410 -0.833334 48336.dat
1 15 -2.434630 -32.054150 61.817980 1.000000 -0.000006 -0.000003 0.000001 -0.333334 0.942809 -0.000007 -0.942809 -0.333334 60470b.dat
1 15 -2.434570 -53.577020 46.599000 -1.000000 0.000000 0.000001 0.000000 1.000000 0.000000 -0.000001 0.000000 -1.000000 48336.dat
1 15 -58.916300 38.656460 13.989880 0.500005 0.816496 0.288669 0.816493 -0.333339 -0.471408 -0.288678 0.471402 -0.833333 60470b.dat
1 15 -45.736120 38.656480 36.818220 -0.499998 -0.000006 0.866027 -0.816497 -0.333333 -0.471405 0.288679 -0.942809 0.166661 48336.dat
