0 Untitled Model
0 Name:  bow
0 Author:  
0 CustomBrick
0 NumOfBricks:  49
1 15 369.999100 -40.000000 -10.000630 0.000000 0.000000 -1.000000 0.000000 1.000000 0.000000 1.000000 0.000000 0.000000 2450.dat
1 15 339.999400 -32.000000 -40.000460 1.000000 0.000000 0.000000 0.000000 1.000000 0.000000 0.000000 0.000000 1.000000 2639.dat
1 15 349.999400 -24.000000 -40.000460 -1.000000 0.000000 0.000001 0.000000 1.000000 0.000000 -0.000001 0.000000 -1.000000 3021.dat
1 15 472.679000 -24.000000 36.602060 -0.866025 0.000000 -0.500001 0.000000 1.000000 0.000000 0.500001 0.000000 -0.866025 2639.dat
1 15 431.698200 -40.000000 25.621390 -0.500001 0.000000 0.866025 0.000000 1.000000 0.000000 -0.866025 0.000000 -0.500001 2450.dat
1 2 309.999400 -16.000000 29.999740 -1.000000 0.000000 0.000000 0.000000 1.000000 0.000000 0.000000 0.000000 -1.000000 2450.dat
1 15 399.999400 -24.000000 -40.000450 1.000000 0.000000 0.000000 0.000000 1.000000 0.000000 0.000000 0.000000 1.000000 4032b.dat
1 15 442.678900 -32.000000 -15.359360 0.866025 0.000000 0.500001 0.000000 1.000000 0.000000 -0.500001 0.000000 0.866025 4032b.dat
1 15 419.999400 -32.000000 -40.000450 -1.000000 0.000000 0.000000 0.000000 1.000000 0.000000 0.000000 0.000000 -1.000000 24307.dat
1 15 432.678900 -24.000000 -32.679910 -0.500001 0.000000 0.866025 0.000000 1.000000 0.000000 -0.866025 0.000000 -0.500001 24299.dat
1 15 339.999400 -24.000000 19.999580 0.000000 0.000000 1.000000 0.000000 1.000000 0.000000 -1.000000 0.000000 0.000000 3020.dat
1 15 409.377600 -32.000000 26.961140 -0.500001 0.000000 0.866025 0.000000 1.000000 0.000000 -0.866025 0.000000 -0.500001 43723.dat
1 15 379.999500 -32.000000 9.999590 -1.000000 0.000000 0.000001 0.000000 1.000000 0.000000 -0.000001 0.000000 -1.000000 43722.dat
1 15 429.377800 -32.000000 61.602120 0.866025 0.000000 0.500001 0.000000 1.000000 0.000000 -0.500001 0.000000 0.866025 3021.dat
1 15 467.679000 -32.000000 27.941850 -0.500001 0.000000 0.866025 0.000000 1.000000 0.000000 -0.866025 0.000000 -0.500001 3021.dat
1 15 329.999700 -32.000000 77.319020 0.866025 0.000000 0.500001 0.000000 1.000000 0.000000 -0.500001 0.000000 0.866025 24299.dat
1 15 339.999300 -32.000000 59.999580 0.000000 0.000000 1.000000 0.000000 1.000000 0.000000 -1.000000 0.000000 0.000000 24307.dat
1 15 339.999400 -32.000000 29.999560 -1.000000 0.000000 0.000000 0.000000 1.000000 0.000000 0.000000 0.000000 -1.000000 3023a.dat
1 2 320.000000 -8.000000 60.000000 0.000000 0.000000 1.000000 0.000000 1.000000 0.000000 -1.000000 0.000000 0.000000 2430.dat
1 2 319.999500 -8.000000 59.999520 0.866024 0.000000 0.500003 0.000000 1.000000 0.000000 -0.500003 0.000000 0.866024 2429.dat
1 2 289.018700 -16.000000 66.339500 0.866025 0.000000 0.500000 0.000000 1.000000 0.000000 -0.500000 0.000000 0.866025 2450.dat
1 15 384.736800 -24.000000 64.281770 0.866025 0.000000 0.500001 0.000000 1.000000 0.000000 -0.500001 0.000000 0.866025 29119.dat
1 15 359.999200 -24.000000 49.999180 -0.000001 0.000000 -1.000000 0.000000 1.000000 0.000000 1.000000 0.000000 -0.000001 29120.dat
1 15 331.339500 -24.000000 99.639590 -0.866024 0.000000 -0.500002 0.000000 1.000000 0.000000 0.500002 0.000000 -0.866024 29119.dat
1 15 376.077100 -32.000000 103.922000 0.000000 0.000000 -1.000000 0.000000 1.000000 0.000000 1.000000 0.000000 0.000000 24307.dat
1 2 427.057300 -16.000000 97.582920 -0.866025 0.000000 -0.500001 0.000000 1.000000 0.000000 0.500001 0.000000 -0.866025 2450.dat
1 15 403.397000 -24.000000 76.602230 0.866025 0.000000 0.500001 0.000000 1.000000 0.000000 -0.500001 0.000000 0.866025 3022.dat
1 15 386.076500 -32.000000 86.602260 -0.866025 0.000000 -0.500001 0.000000 1.000000 0.000000 0.500001 0.000000 -0.866025 24299.dat
1 15 243.397100 -24.000000 127.319300 0.866024 0.000000 0.500001 0.000000 1.000000 0.000000 -0.500001 0.000000 0.866024 2639.dat
1 15 312.679100 -24.000000 87.319060 -0.866025 0.000000 -0.500001 0.000000 1.000000 0.000000 0.500001 0.000000 -0.866025 3022.dat
1 15 286.698300 -32.000000 102.319100 -0.866025 0.000000 -0.500001 0.000000 1.000000 0.000000 0.500001 0.000000 -0.866025 3021.dat
1 15 248.397000 -32.000000 135.979400 0.500002 0.000000 -0.866024 0.000000 1.000000 0.000000 0.866024 0.000000 0.500002 3021.dat
1 2 396.076100 -8.000000 103.922400 -0.000001 0.000000 -1.000000 0.000000 1.000000 0.000000 1.000000 0.000000 -0.000001 2430.dat
1 2 396.076500 -8.000000 103.922700 -0.866024 0.000000 -0.500002 0.000000 1.000000 0.000000 0.500002 0.000000 -0.866024 2429.dat
1 15 284.377800 -40.000000 138.299900 0.500001 0.000000 -0.866025 0.000000 1.000000 0.000000 0.866025 0.000000 0.500001 2450.dat
1 15 356.077100 -24.000000 113.922000 0.000000 0.000000 1.000000 0.000000 1.000000 0.000000 -1.000000 0.000000 0.000000 29120.dat
1 15 376.077100 -32.000000 133.921800 1.000000 0.000000 0.000000 0.000000 1.000000 0.000000 0.000000 0.000000 1.000000 3023a.dat
1 2 406.076600 -16.000000 133.922700 1.000000 0.000000 0.000000 0.000000 1.000000 0.000000 0.000000 0.000000 1.000000 2450.dat
1 15 376.077000 -32.000000 203.921900 -1.000000 0.000000 0.000000 0.000000 1.000000 0.000000 0.000000 0.000000 -1.000000 2639.dat
1 15 376.077100 -24.000000 143.921800 0.000000 0.000000 -1.000000 0.000000 1.000000 0.000000 1.000000 0.000000 0.000000 3020.dat
1 15 306.698300 -32.000000 136.960100 0.500001 0.000000 -0.866025 0.000000 1.000000 0.000000 0.866025 0.000000 0.500001 43723.dat
1 15 336.076600 -32.000000 153.921700 1.000000 0.000000 -0.000001 0.000000 1.000000 0.000000 0.000001 0.000000 1.000000 43722.dat
1 15 346.077000 -40.000000 173.921900 0.000000 0.000000 1.000000 0.000000 1.000000 0.000000 -1.000000 0.000000 0.000000 2450.dat
1 15 273.397100 -32.000000 179.280700 -0.866025 0.000000 -0.500001 0.000000 1.000000 0.000000 0.500001 0.000000 -0.866025 4032b.dat
1 15 283.397100 -24.000000 196.601200 0.500002 0.000000 -0.866024 0.000000 1.000000 0.000000 0.866024 0.000000 0.500002 24299.dat
1 15 296.076700 -32.000000 203.921800 1.000000 0.000000 0.000000 0.000000 1.000000 0.000000 0.000000 0.000000 1.000000 24307.dat
1 15 316.076800 -24.000000 203.921900 -1.000000 0.000000 0.000000 0.000000 1.000000 0.000000 0.000000 0.000000 -1.000000 4032b.dat
1 15 366.077000 -24.000000 203.921900 1.000000 0.000000 -0.000001 0.000000 1.000000 0.000000 0.000001 0.000000 1.000000 3021.dat
1 4 329.999400 -40.000000 -50.000460 1.000000 0.000000 0.000000 0.000000 1.000000 0.000000 0.000000 0.000000 1.000000 6141.dat
