0 Untitled Model
0 Name:  bow
0 Author:  
0 CustomBrick
0 NumOfBricks:  67
1 15 49.998900 -40.000000 -10.000440 0.000000 0.000000 -1.000000 0.000000 1.000000 0.000000 1.000000 0.000000 0.000000 2450.dat
1 15 19.999180 -32.000000 -40.000290 1.000000 0.000000 0.000000 0.000000 1.000000 0.000000 0.000000 0.000000 1.000000 2639.dat
1 15 29.999180 -24.000000 -40.000290 -1.000000 0.000000 0.000001 0.000000 1.000000 0.000000 -0.000001 0.000000 -1.000000 3021.dat
1 15 152.678800 -24.000000 36.602220 -0.866025 0.000000 -0.500001 0.000000 1.000000 0.000000 0.500001 0.000000 -0.866025 2639.dat
1 15 111.698000 -40.000000 25.621570 -0.500001 0.000000 0.866025 0.000000 1.000000 0.000000 -0.866025 0.000000 -0.500001 2450.dat
1 2 -10.000820 -16.000000 29.999920 -1.000000 0.000000 0.000000 0.000000 1.000000 0.000000 0.000000 0.000000 -1.000000 2450.dat
1 15 79.999150 -24.000000 -40.000260 1.000000 0.000000 0.000000 0.000000 1.000000 0.000000 0.000000 0.000000 1.000000 4032b.dat
1 15 122.678700 -32.000000 -15.359210 0.866025 0.000000 0.500001 0.000000 1.000000 0.000000 -0.500001 0.000000 0.866025 4032b.dat
1 15 99.999150 -32.000000 -40.000290 -1.000000 0.000000 0.000000 0.000000 1.000000 0.000000 0.000000 0.000000 -1.000000 24307.dat
1 15 112.678700 -24.000000 -32.679740 -0.500001 0.000000 0.866025 0.000000 1.000000 0.000000 -0.866025 0.000000 -0.500001 24299.dat
1 15 19.999180 -24.000000 19.999740 0.000000 0.000000 1.000000 0.000000 1.000000 0.000000 -1.000000 0.000000 0.000000 3020.dat
1 15 89.377380 -32.000000 26.961320 -0.500001 0.000000 0.866025 0.000000 1.000000 0.000000 -0.866025 0.000000 -0.500001 43723.dat
1 15 59.999300 -32.000000 9.999740 -1.000000 0.000000 0.000001 0.000000 1.000000 0.000000 -0.000001 0.000000 -1.000000 43722.dat
1 15 109.377600 -32.000000 61.602280 0.866025 0.000000 0.500001 0.000000 1.000000 0.000000 -0.500001 0.000000 0.866025 3021.dat
1 15 147.678800 -32.000000 27.942000 -0.500001 0.000000 0.866025 0.000000 1.000000 0.000000 -0.866025 0.000000 -0.500001 3021.dat
1 15 9.999479 -32.000000 77.319200 0.866025 0.000000 0.500001 0.000000 1.000000 0.000000 -0.500001 0.000000 0.866025 24299.dat
1 15 19.999080 -32.000000 59.999740 0.000000 0.000000 1.000000 0.000000 1.000000 0.000000 -1.000000 0.000000 0.000000 24307.dat
1 15 19.999180 -32.000000 29.999740 -1.000000 0.000000 0.000000 0.000000 1.000000 0.000000 0.000000 0.000000 -1.000000 3023a.dat
1 2 -0.000210 -8.000000 60.000160 0.000000 0.000000 1.000000 0.000000 1.000000 0.000000 -1.000000 0.000000 0.000000 2430.dat
1 2 -0.000700 -8.000000 59.999680 0.866024 0.000000 0.500003 0.000000 1.000000 0.000000 -0.500003 0.000000 0.866024 2429.dat
1 2 -30.981510 -16.000000 66.339670 0.866025 0.000000 0.500000 0.000000 1.000000 0.000000 -0.500000 0.000000 0.866025 2450.dat
1 15 64.736580 -24.000000 64.281930 0.866025 0.000000 0.500001 0.000000 1.000000 0.000000 -0.500001 0.000000 0.866025 29119.dat
1 15 39.998960 -24.000000 49.999340 -0.000001 0.000000 -1.000000 0.000000 1.000000 0.000000 1.000000 0.000000 -0.000001 29120.dat
1 15 11.339300 -24.000000 99.639750 -0.866024 0.000000 -0.500002 0.000000 1.000000 0.000000 0.500002 0.000000 -0.866024 29119.dat
1 15 56.076840 -32.000000 103.922200 0.000000 0.000000 -1.000000 0.000000 1.000000 0.000000 1.000000 0.000000 0.000000 24307.dat
1 2 107.057100 -16.000000 97.583080 -0.866025 0.000000 -0.500001 0.000000 1.000000 0.000000 0.500001 0.000000 -0.866025 2450.dat
1 15 83.396790 -24.000000 76.602400 0.866025 0.000000 0.500001 0.000000 1.000000 0.000000 -0.500001 0.000000 0.866025 3022.dat
1 15 66.076300 -32.000000 86.602420 -0.866025 0.000000 -0.500001 0.000000 1.000000 0.000000 0.500001 0.000000 -0.866025 24299.dat
1 15 -76.603120 -24.000000 127.319500 0.866024 0.000000 0.500001 0.000000 1.000000 0.000000 -0.500001 0.000000 0.866024 2639.dat
1 15 -7.321110 -24.000000 87.319220 -0.866025 0.000000 -0.500001 0.000000 1.000000 0.000000 0.500001 0.000000 -0.866025 3022.dat
1 15 -33.301910 -32.000000 102.319200 -0.866025 0.000000 -0.500001 0.000000 1.000000 0.000000 0.500001 0.000000 -0.866025 3021.dat
1 15 -71.603230 -32.000000 135.979600 0.500002 0.000000 -0.866024 0.000000 1.000000 0.000000 0.866024 0.000000 0.500002 3021.dat
1 2 76.075900 -8.000000 103.922600 -0.000001 0.000000 -1.000000 0.000000 1.000000 0.000000 1.000000 0.000000 -0.000001 2430.dat
1 2 76.076300 -8.000000 103.922900 -0.866024 0.000000 -0.500002 0.000000 1.000000 0.000000 0.500002 0.000000 -0.866024 2429.dat
1 15 -35.622410 -40.000000 138.300000 0.500001 0.000000 -0.866025 0.000000 1.000000 0.000000 0.866025 0.000000 0.500001 2450.dat
1 15 36.076840 -24.000000 113.922100 0.000000 0.000000 1.000000 0.000000 1.000000 0.000000 -1.000000 0.000000 0.000000 29120.dat
1 15 56.076840 -32.000000 133.921900 1.000000 0.000000 0.000000 0.000000 1.000000 0.000000 0.000000 0.000000 1.000000 3023a.dat
1 2 86.076350 -16.000000 133.922900 1.000000 0.000000 0.000000 0.000000 1.000000 0.000000 0.000000 0.000000 1.000000 2450.dat
1 15 56.076780 -32.000000 203.922100 -1.000000 0.000000 0.000000 0.000000 1.000000 0.000000 0.000000 0.000000 -1.000000 2639.dat
1 15 56.076840 -24.000000 143.921900 0.000000 0.000000 -1.000000 0.000000 1.000000 0.000000 1.000000 0.000000 0.000000 3020.dat
1 15 -13.301910 -32.000000 136.960200 0.500001 0.000000 -0.866025 0.000000 1.000000 0.000000 0.866025 0.000000 0.500001 43723.dat
1 15 16.076390 -32.000000 153.921800 1.000000 0.000000 -0.000001 0.000000 1.000000 0.000000 0.000001 0.000000 1.000000 43722.dat
1 15 26.076780 -40.000000 173.922000 0.000000 0.000000 1.000000 0.000000 1.000000 0.000000 -1.000000 0.000000 0.000000 2450.dat
1 15 -46.603120 -32.000000 179.280900 -0.866025 0.000000 -0.500001 0.000000 1.000000 0.000000 0.500001 0.000000 -0.866025 4032b.dat
1 15 -36.603120 -24.000000 196.601300 0.500002 0.000000 -0.866024 0.000000 1.000000 0.000000 0.866024 0.000000 0.500002 24299.dat
1 15 -23.923520 -32.000000 203.922000 1.000000 0.000000 0.000000 0.000000 1.000000 0.000000 0.000000 0.000000 1.000000 24307.dat
1 15 -3.923400 -24.000000 203.922100 -1.000000 0.000000 0.000000 0.000000 1.000000 0.000000 0.000000 0.000000 -1.000000 4032b.dat
1 15 46.076780 -24.000000 203.922100 1.000000 0.000000 -0.000001 0.000000 1.000000 0.000000 0.000001 0.000000 1.000000 3021.dat
1 4 9.999180 -40.000000 -50.000270 1.000000 0.000000 0.000000 0.000000 1.000000 0.000000 0.000000 0.000000 1.000000 6141.dat
1 2 73.396730 -16.000000 59.281810 0.866025 0.000000 0.500001 0.000000 1.000000 0.000000 -0.500001 0.000000 0.866025 2430.dat
1 2 73.396730 -16.000000 59.281810 -0.499998 0.000000 -0.866027 0.000000 1.000000 0.000000 0.866027 0.000000 -0.499998 2429.dat
1 2 39.998440 -16.000000 40.000740 0.500001 0.000000 0.866024 0.000000 1.000000 0.000000 -0.866024 0.000000 0.500001 2430.dat
1 2 39.999640 -16.000000 40.000220 0.000005 0.000000 -1.000008 0.000000 1.000000 0.000000 0.999996 0.000000 0.000001 2429.dat
1 15 61.076180 -24.000000 40.621560 -0.866027 0.000000 0.499998 0.000000 1.000000 0.000000 -0.499998 0.000000 -0.866027 22385.dat
1 15 77.318970 -8.000000 15.359790 0.866024 0.000000 -0.500002 0.000000 1.000000 0.000000 0.500002 0.000000 0.866024 3022.dat
1 15 69.998540 -24.000000 -11.960710 -0.866024 0.000000 0.500002 0.000000 1.000000 0.000000 -0.500002 0.000000 -0.866024 35787.dat
1 15 104.639500 -24.000000 8.039350 0.500002 0.000000 0.866024 0.000000 1.000000 0.000000 -0.866024 0.000000 0.500002 35787.dat
1 2 2.678890 -16.000000 104.639700 -0.866025 0.000000 -0.500001 0.000000 1.000000 0.000000 0.500001 0.000000 -0.866025 2430.dat
1 2 2.677120 -16.000000 104.641200 0.499988 0.000000 0.866029 0.000000 1.000000 0.000000 -0.866037 0.000000 0.499992 2429.dat
1 2 36.078000 -16.000000 123.921500 -0.499992 0.000000 -0.866027 0.000000 1.000000 0.000000 0.866033 0.000000 -0.499995 2430.dat
1 2 36.076880 -16.000000 123.921900 0.000000 0.000000 1.000000 0.000000 1.000000 0.000000 -1.000000 0.000000 0.000000 2429.dat
1 15 14.997830 -24.000000 123.301400 0.866030 0.000000 -0.499992 0.000000 1.000000 0.000000 0.499992 0.000000 0.866030 22385.dat
1 15 -1.233670 -8.000000 148.566600 -0.866084 0.000000 0.499953 0.000000 1.000000 0.000000 -0.500004 0.000000 -0.865961 3022.dat
1 15 6.094820 -24.000000 175.891400 0.866057 0.000000 -0.500032 0.000000 1.000000 0.000000 0.499947 0.000000 0.866029 35787.dat
1 15 -28.550900 -24.000000 155.889600 -0.500032 0.000000 -0.866057 0.000000 1.000000 0.000000 0.866029 0.000000 -0.499947 35787.dat
1 15 82.318970 -16.000000 6.699570 0.866024 0.000000 -0.500002 0.000000 1.000000 0.000000 0.500002 0.000000 0.866024 3023.dat
1 15 -6.232670 -16.000000 157.226300 0.866030 0.000000 -0.499993 0.000000 1.000000 0.000000 0.499993 0.000000 0.866030 3023.dat
