0 Untitled Model
0 Name:  flower
0 Author:  
0 CustomBrick
0 NumOfBricks:  64
1 15 123.922600 -24.000000 203.922400 -1.000001 0.000000 0.000000 0.000000 1.000000 0.000000 0.000000 0.000000 -1.000002 4032b.dat
1 15 166.602300 -32.000000 179.281200 -0.866026 0.000000 0.500002 0.000000 1.000000 0.000000 -0.500002 0.000000 -0.866027 4032b.dat
1 15 196.602400 -24.000000 127.319700 -0.500002 0.000000 -0.866026 0.000000 1.000000 0.000000 0.866027 0.000000 -0.500002 2639.dat
1 15 73.922420 -24.000000 203.922400 1.000002 0.000000 0.000001 0.000000 1.000000 0.000000 0.000000 0.000000 1.000002 3021.dat
1 15 143.922700 -32.000000 203.922300 1.000001 0.000000 0.000000 0.000000 1.000000 0.000000 0.000000 0.000000 1.000002 24299.dat
1 15 156.602300 -24.000000 196.601700 0.500002 0.000000 0.866026 0.000000 1.000000 0.000000 -0.866027 0.000000 0.500003 24307.dat
1 15 133.922700 -24.000000 183.922300 1.000000 0.000000 0.000002 0.000000 1.000000 0.000000 -0.000002 0.000000 1.000000 29120.dat
1 15 114.019200 -24.000000 109.639900 -0.866024 0.000000 -0.500002 0.000000 1.000000 0.000000 0.500002 0.000000 -0.866024 29119.dat
1 15 127.320400 -24.000000 87.319450 -0.866028 0.000000 0.499999 0.000000 1.000000 0.000000 -0.500004 0.000000 -0.866026 24299.dat
1 15 144.640800 -32.000000 97.319500 0.500001 0.000000 0.866025 0.000000 1.000000 0.000000 -0.866025 0.000000 0.500002 4032b.dat
1 15 112.679400 -32.000000 87.319360 -0.866026 0.000000 -0.500001 0.000000 1.000000 0.000000 0.499997 0.000000 -0.866029 24307.dat
1 15 95.358570 -24.000000 97.319500 0.866026 0.000000 0.500001 0.000000 1.000000 0.000000 -0.499997 0.000000 0.866029 4032b.dat
1 15 52.057270 -24.000000 122.319400 -0.866026 0.000000 -0.499999 0.000000 1.000000 0.000000 0.499999 0.000000 -0.866026 3021.dat
1 15 103.922400 -32.000000 193.922400 0.000001 0.000000 -1.000000 0.000000 1.000000 0.000000 1.000000 0.000000 0.000001 3021.dat
1 15 83.038060 -32.000000 115.979700 0.499999 0.000000 -0.866026 0.000000 1.000000 0.000000 0.866026 0.000000 0.499999 3021.dat
1 15 33.922420 -32.000000 213.922400 1.000000 0.000000 0.000000 0.000000 1.000000 0.000000 0.000000 0.000000 1.000000 77844.dat
1 15 -41.244150 -24.000000 60.716080 0.499997 0.000000 -0.866025 0.000000 1.000000 0.000000 0.866028 0.000000 0.500000 4032b.dat
1 15 -83.923610 -32.000000 36.075120 -0.000004 0.000000 -1.000002 0.000000 1.000000 0.000000 1.000003 0.000000 -0.000003 4032b.dat
1 15 -143.923600 -24.000000 36.074810 1.000002 0.000000 -0.000005 0.000000 1.000000 0.000000 0.000004 0.000000 1.000003 2639.dat
1 15 -16.243950 -24.000000 104.017900 -0.499999 0.000000 0.866029 0.000000 1.000000 0.000000 -0.866028 0.000000 -0.500000 3021.dat
1 15 -51.244030 -32.000000 43.395640 -0.499998 0.000000 0.866029 0.000000 1.000000 0.000000 -0.866028 0.000000 -0.500000 24299.dat
1 15 -63.923640 -24.000000 36.075180 -1.000002 0.000000 0.000005 0.000000 1.000000 0.000000 -0.000004 0.000000 -1.000003 24307.dat
1 15 -63.564600 -24.000000 62.055940 -0.500000 0.000000 0.866026 0.000000 1.000000 0.000000 -0.866025 0.000000 -0.500000 29120.dat
1 15 -117.943300 -24.000000 116.434100 0.866026 0.000000 -0.500001 0.000000 1.000000 0.000000 0.500001 0.000000 0.866026 29119.dat
1 15 -143.923800 -32.000000 96.074990 -1.000000 0.000000 0.000004 0.000000 1.000000 0.000000 -0.000004 0.000000 -1.000001 4032b.dat
1 15 -136.603700 -32.000000 128.754600 0.866023 0.000000 -0.500005 0.000000 1.000000 0.000000 0.500005 0.000000 0.866028 24307.dat
1 15 -119.282800 -24.000000 138.754700 -0.866023 0.000000 0.500005 0.000000 1.000000 0.000000 -0.500005 0.000000 -0.866028 4032b.dat
1 15 -75.981560 -24.000000 163.755000 0.866024 0.000000 -0.500003 0.000000 1.000000 0.000000 0.500003 0.000000 0.866025 3021.dat
1 15 -39.904210 -32.000000 83.037060 0.866027 0.000000 0.499998 0.000000 1.000000 0.000000 -0.499998 0.000000 0.866027 3021.dat
1 15 -96.962250 -32.000000 140.094600 0.500003 0.000000 0.866024 0.000000 1.000000 0.000000 -0.866025 0.000000 0.500003 3021.dat
1 15 12.416220 -32.000000 133.659100 -0.499998 0.000000 0.866027 0.000000 1.000000 0.000000 -0.866027 0.000000 -0.499998 77844.dat
1 15 -82.681180 -24.000000 275.358700 0.500004 0.000000 0.866026 0.000000 1.000000 0.000000 -0.866025 0.000000 0.500004 4032b.dat
1 15 -82.680750 -32.000000 324.640000 0.866030 0.000000 0.499998 0.000000 1.000000 0.000000 -0.499998 0.000000 0.866029 4032b.dat
1 15 -52.681000 -24.000000 376.601700 -0.499998 0.000000 0.866030 0.000000 1.000000 0.000000 -0.866030 0.000000 -0.499997 2639.dat
1 15 -57.680440 -24.000000 232.055900 -0.500003 0.000000 -0.866026 0.000000 1.000000 0.000000 0.866026 0.000000 -0.500004 3021.dat
1 15 -92.680800 -32.000000 292.678400 -0.500004 0.000000 -0.866026 0.000000 1.000000 0.000000 0.866025 0.000000 -0.500004 24299.dat
1 15 -92.680620 -24.000000 307.319400 0.499998 0.000000 -0.866030 0.000000 1.000000 0.000000 0.866030 0.000000 0.499997 24307.dat
1 15 -70.360240 -24.000000 294.018200 -0.500001 0.000000 -0.866025 0.000000 1.000000 0.000000 0.866025 0.000000 -0.500001 29120.dat
1 15 3.921980 -24.000000 313.922600 0.000001 0.000000 1.000001 0.000000 1.000000 0.000000 -1.000001 0.000000 0.000001 29119.dat
1 15 16.601330 -24.000000 336.602200 0.866032 0.000000 0.499999 0.000000 1.000000 0.000000 -0.499997 0.000000 0.866027 24299.dat
1 15 -0.719180 -32.000000 346.601900 0.499996 0.000000 -0.866028 0.000000 1.000000 0.000000 0.866028 0.000000 0.499996 4032b.dat
1 15 23.921960 -32.000000 323.922600 0.000006 0.000000 1.000004 0.000000 1.000000 0.000000 -1.000000 0.000000 0.000004 24307.dat
1 15 23.922080 -24.000000 303.922400 -0.000006 0.000000 -1.000004 0.000000 1.000000 0.000000 1.000000 0.000000 -0.000004 4032b.dat
1 15 -64.020260 -32.000000 263.036700 -0.866024 0.000000 0.500003 0.000000 1.000000 0.000000 -0.500003 0.000000 -0.866024 3021.dat
1 15 13.922180 -32.000000 283.922100 -1.000000 0.000000 0.000004 0.000000 1.000000 0.000000 -0.000004 0.000000 -1.000001 3021.dat
1 15 -46.340620 -32.000000 192.415300 -0.500003 0.000000 -0.866024 0.000000 1.000000 0.000000 0.866024 0.000000 -0.500003 77844.dat
1 15 -49.020680 -32.000000 362.941500 0.866028 0.000000 0.499996 0.000000 1.000000 0.000000 -0.499996 0.000000 0.866028 11212.dat
1 15 182.942100 -32.000000 130.979900 0.500001 0.000000 0.866025 0.000000 1.000000 0.000000 -0.866025 0.000000 0.500001 11212.dat
1 15 -38.039770 -24.000000 321.960800 0.866028 0.000000 0.499996 0.000000 1.000000 0.000000 -0.499996 0.000000 0.866028 26601.dat
1 15 -103.923800 -24.000000 76.075030 -0.000005 0.000000 -1.000000 0.000000 1.000000 0.000000 1.000000 0.000000 -0.000005 26601.dat
1 15 141.961400 -24.000000 141.960600 -0.866025 0.000000 0.500002 0.000000 1.000000 0.000000 -0.500001 0.000000 -0.866025 26601.dat
1 15 23.922410 -24.000000 253.922400 0.000000 0.000000 -1.000000 0.000000 1.000000 0.000000 1.000000 0.000000 0.000000 3021.dat
1 15 -133.923600 -32.000000 46.074840 1.000000 0.000000 -0.000005 0.000000 1.000000 0.000000 0.000005 0.000000 1.000000 11212.dat
1 15 -143.923800 -24.000000 116.075000 0.000000 0.000000 -1.000000 0.000000 1.000000 0.000000 1.000000 0.000000 0.000000 24299.dat
1 15 3.922410 -32.000000 233.922400 1.000000 0.000000 0.000000 0.000000 1.000000 0.000000 0.000000 0.000000 1.000000 43722.dat
1 15 -30.359880 -32.000000 224.735500 0.866024 0.000000 -0.500003 0.000000 1.000000 0.000000 0.500003 0.000000 0.866024 43723.dat
1 15 -48.661020 -32.000000 156.434500 -0.499999 0.000000 -0.866026 0.000000 1.000000 0.000000 0.866026 0.000000 -0.499999 43722.dat
1 15 -23.563930 -32.000000 131.338400 -0.866013 0.000000 -0.500022 0.000000 1.000000 0.000000 0.500022 0.000000 -0.866013 43723.dat
1 15 44.736740 -32.000000 149.639900 -0.499999 0.000000 0.866026 0.000000 1.000000 0.000000 -0.866026 0.000000 -0.499999 43722.dat
1 15 53.922400 -32.000000 183.922400 -0.000001 0.000000 1.000000 0.000000 1.000000 0.000000 -1.000000 0.000000 -0.000001 43723.dat
1 15 -32.680400 -24.000000 188.755100 0.866024 0.000000 -0.500003 0.000000 1.000000 0.000000 0.500003 0.000000 0.866024 26601.dat
1 15 8.756889 -40.000000 147.318700 -0.866026 0.000000 -0.499999 0.000000 1.000000 0.000000 0.499999 0.000000 -0.866026 26601.dat
1 15 23.922420 -24.000000 203.922500 0.000000 0.000000 1.000000 0.000000 1.000000 0.000000 -1.000000 0.000000 0.000000 26601.dat
1 4 -153.923500 -40.000000 26.074740 1.000000 0.000000 0.000000 0.000000 1.000000 0.000000 0.000000 0.000000 1.000000 6141.dat
