0 FILE smaller_hat_mirror.io
0 Untitled Model
0 Name:  smaller_hat_mirror
0 Author:  Michael Verschaeve
0 CustomBrick
1 16 -76.794480 0.000000 -405.960300 -1.000000 0.000000 -0.000010 0.000000 1.000000 0.000000 0.000011 0.000000 -1.000000 diamond_red
1 0 -167.720800 -38.000000 -363.504000 0.499995 0.000000 0.866028 0.000000 1.000000 0.000000 -0.866028 0.000000 0.499995 2780.dat
1 0 -133.079800 -38.000000 -343.504100 0.499995 0.000000 0.866028 0.000000 1.000000 0.000000 -0.866028 0.000000 0.499995 2780.dat
1 16 -167.988400 0.000000 -279.057700 0.500017 0.000000 -0.866016 0.000000 1.000000 0.000000 0.866016 0.000000 0.500017 diamond_red
1 0 -212.359800 -38.000000 -266.180700 -0.866018 0.000000 -0.500013 0.000000 1.000000 0.000000 0.500013 0.000000 -0.866018 2780.dat
1 16 -236.730900 0.000000 -218.663000 -0.500012 0.000000 0.866019 0.000000 1.000000 0.000000 -0.866019 0.000000 -0.500012 diamond_red
1 16 -327.929000 0.000000 -361.047000 1.000000 0.000000 0.000012 0.000000 1.000000 0.000000 -0.000012 0.000000 1.000000 diamond_red
1 0 -192.359400 -38.000000 -231.540100 -0.866021 0.000000 -0.500007 0.000000 1.000000 0.000000 0.500007 0.000000 -0.866021 2780.dat
1 0 -298.962800 -38.000000 -316.179100 0.000007 0.000000 -1.000000 0.000000 1.000000 0.000000 1.000000 0.000000 0.000007 2780.dat
1 2 -95.756120 0.000000 -191.542100 -1.000000 0.000000 -0.000001 0.000000 1.000000 0.000000 0.000001 0.000000 -1.000000 6141.dat
1 0 -212.361700 -38.000000 -366.183100 0.866028 0.000000 -0.499995 0.000000 1.000000 0.000000 0.499995 0.000000 0.866028 2780.dat
0 NOFILE
0 FILE diamond_red
0 diamond_red
0 Name:  diamond_red
0 Author:  
0 CustomBrick
0 NumOfBricks:  85
1 71 28.965470 -24.000000 -55.135440 -0.000004 0.000000 -1.000005 0.000000 1.000000 0.000000 1.000007 0.000000 0.000000 2430.dat
1 71 28.965450 -24.000000 -55.135460 -0.866021 0.000000 0.500004 0.000000 1.000000 0.000000 -0.500007 0.000000 -0.866023 2429.dat
1 71 28.965330 -8.000000 -15.135310 0.499994 0.000000 -0.866028 0.000000 1.000000 0.000000 0.866029 0.000000 0.499995 2430.dat
1 71 28.965340 -8.000000 -15.135300 0.000000 0.000000 -1.000000 0.000000 1.000000 0.000000 1.000000 0.000000 0.000000 2429.dat
1 71 63.606340 -8.000000 -35.135170 -0.866022 0.000000 0.500004 0.000000 1.000000 0.000000 -0.500004 0.000000 -0.866023 2430.dat
1 71 63.606340 -8.000000 -35.135170 -0.499994 0.000000 0.866029 0.000000 1.000000 0.000000 -0.866029 0.000000 -0.499994 2429.dat
1 4 8.965300 -48.000000 34.865120 1.000000 0.000000 -0.000005 0.000000 1.000000 0.000000 0.000005 0.000000 1.000000 3701.dat
1 4 68.606250 -48.000000 -43.795210 0.866021 0.000000 -0.500004 0.000000 1.000000 0.000000 0.500007 0.000000 0.866023 3701.dat
1 4 111.907200 -24.000000 -18.795020 -0.500004 0.000000 -0.866021 0.000000 1.000000 0.000000 0.866023 0.000000 -0.500007 2420.dat
1 4 18.965320 -24.000000 34.865240 0.000006 0.000000 1.000005 0.000000 1.000000 0.000000 -1.000006 0.000000 0.000000 2420.dat
1 4 101.907100 -16.000000 -1.474660 -0.866021 0.000000 0.500005 0.000000 1.000000 0.000000 -0.500006 0.000000 -0.866022 73825.dat
1 4 38.965360 -16.000000 34.865200 -0.000005 0.000000 -0.999999 0.000000 1.000000 0.000000 1.000000 0.000000 -0.000005 73825.dat
1 4 68.965380 -48.000000 34.865320 0.000000 -0.999999 -0.000005 1.000000 0.000000 0.000000 0.000000 -0.000005 1.000000 85984.dat
1 4 51.285880 -16.000000 -53.795420 0.866021 0.000000 -0.500004 0.000000 1.000000 0.000000 0.500007 0.000000 0.866023 3023.dat
1 4 86.906940 -48.000000 24.506000 0.000000 0.500005 0.866021 -1.000000 0.000000 0.000000 0.000000 -0.866022 0.500006 85984.dat
1 4 90.907010 -28.000000 17.577820 0.000000 0.500005 -0.866021 1.000000 0.000000 0.000000 0.000000 -0.866022 -0.500006 3023.dat
1 4 60.965320 -28.000000 34.865350 0.000000 -1.000000 -0.000005 1.000000 0.000000 0.000000 0.000000 -0.000005 1.000000 3023.dat
1 4 86.906940 -28.000000 24.506000 0.000000 0.500005 -0.866021 1.000000 0.000000 0.000000 0.000000 -0.866022 -0.500006 3023.dat
1 4 68.965380 -28.000000 34.865320 0.000000 -0.999999 -0.000005 1.000000 0.000000 0.000000 0.000000 -0.000005 1.000000 3023.dat
1 4 28.964900 -56.000000 -55.135500 1.000000 0.000000 -0.000009 0.000000 1.000000 0.000000 0.000010 0.000000 1.000000 65429.dat
1 4 28.965380 -64.000000 -55.135360 0.500007 0.000000 0.866020 0.000000 1.000000 0.000000 -0.866021 0.000000 0.500008 65426.dat
1 4 51.285840 -56.000000 -53.795360 0.866022 0.000000 -0.500004 0.000000 1.000000 0.000000 0.500004 0.000000 0.866023 3023.dat
1 4 48.965720 -64.000000 -15.134600 1.000000 0.000000 -0.000009 0.000000 1.000000 0.000000 0.000010 0.000000 1.000000 65429.dat
1 4 53.606000 -48.000000 -17.814720 0.500007 0.000000 0.866020 0.000000 1.000000 0.000000 -0.866021 0.000000 0.500008 65426.dat
1 4 111.907200 -16.000000 -18.795110 0.866021 0.000000 -0.500005 0.000000 1.000000 0.000000 0.500006 0.000000 0.866022 3024.dat
1 4 111.907200 -8.000000 -18.795110 0.866021 0.000000 -0.500005 0.000000 1.000000 0.000000 0.500006 0.000000 0.866022 6141.dat
1 4 28.964420 -56.000000 4.864910 1.000000 0.000000 -0.000009 0.000000 1.000000 0.000000 0.000010 0.000000 1.000000 3022.dat
1 4 70.926410 -56.000000 -7.814480 0.500005 0.000000 0.866021 0.000000 1.000000 0.000000 -0.866022 0.000000 0.500006 24307.dat
1 4 70.926410 -64.000000 -7.814480 0.500005 0.000000 0.866021 0.000000 1.000000 0.000000 -0.866022 0.000000 0.500006 24307.dat
1 4 101.907100 -56.000000 -1.474570 0.866021 0.000000 -0.500005 0.000000 1.000000 0.000000 0.500006 0.000000 0.866022 3024.dat
1 4 94.586990 -56.000000 -28.795110 0.866022 0.000000 -0.500004 0.000000 1.000000 0.000000 0.500004 0.000000 0.866023 3623.dat
1 4 101.907100 -64.000000 -1.474570 0.500006 0.000000 0.866021 0.000000 1.000000 0.000000 -0.866021 0.000000 0.500007 3623.dat
1 4 73.606240 -16.000000 -17.814620 0.499994 0.000000 -0.866028 0.000000 1.000000 0.000000 0.866029 0.000000 0.499994 26601.dat
1 4 38.965250 -16.000000 2.185240 -0.866028 0.000000 -0.499994 0.000000 1.000000 0.000000 0.499995 0.000000 -0.866028 26601.dat
1 4 85.926730 -64.000000 -33.795150 0.866022 0.000000 -0.500004 0.000000 1.000000 0.000000 0.500004 0.000000 0.866023 3023.dat
1 4 66.285680 -8.000000 9.505930 -0.866028 0.000000 -0.499994 0.000000 1.000000 0.000000 0.499995 0.000000 -0.866029 33909.dat
1 4 86.906940 -17.999990 24.506000 0.000000 0.500005 0.866022 -1.000000 0.000000 0.000000 0.000000 -0.866022 0.500006 54200.dat
1 4 68.965350 -17.999990 34.865320 0.000000 -1.000000 -0.000005 1.000000 0.000000 0.000000 0.000000 -0.000004 1.000000 54200.dat
1 71 -11.036420 -24.000000 -55.135210 0.000016 0.000000 1.000000 0.000000 1.000000 0.000000 -0.999998 0.000000 0.000018 2429.dat
1 71 -11.036480 -24.000000 -55.135300 -0.866030 0.000000 -0.499988 0.000000 1.000000 0.000000 0.499989 0.000000 -0.866032 2430.dat
1 71 -11.036890 -8.000000 -15.135220 0.500010 0.000000 0.866020 0.000000 1.000000 0.000000 -0.866020 0.000000 0.500010 2429.dat
1 71 -11.036920 -8.000000 -15.135200 0.000016 0.000000 1.000000 0.000000 1.000000 0.000000 -0.999998 0.000000 0.000018 2430.dat
1 71 -45.677700 -8.000000 -35.135680 -0.866030 0.000000 -0.499988 0.000000 1.000000 0.000000 0.499989 0.000000 -0.866032 2429.dat
1 71 -45.677700 -8.000000 -35.135680 -0.500010 0.000000 -0.866020 0.000000 1.000000 0.000000 0.866020 0.000000 -0.500009 2430.dat
1 4 -50.677460 -48.000000 -43.795820 0.866030 0.000000 0.499988 0.000000 1.000000 0.000000 -0.499989 0.000000 0.866032 3701.dat
1 4 -93.978830 -24.000000 -18.796310 0.866030 0.000000 0.499991 0.000000 1.000000 0.000000 -0.499994 0.000000 0.866030 2420.dat
1 4 -1.037690 -24.000000 34.865580 -1.000000 0.000000 0.000016 0.000000 1.000000 0.000000 -0.000018 0.000000 -0.999998 2420.dat
1 4 -83.979030 -16.000000 -1.475810 -0.866030 0.000000 -0.499990 0.000000 1.000000 0.000000 0.499992 0.000000 -0.866031 73825.dat
1 4 -21.037790 -16.000000 34.865190 0.000014 0.000000 1.000000 0.000000 1.000000 0.000000 -1.000002 0.000000 0.000013 73825.dat
1 4 -51.037900 -48.000000 34.864750 0.000000 1.000000 -0.000014 -1.000000 0.000000 0.000000 0.000000 0.000013 1.000002 85984.dat
1 4 -33.356920 -16.000000 -53.795650 0.866030 0.000000 0.499988 0.000000 1.000000 0.000000 -0.499989 0.000000 0.866032 3023.dat
1 4 -68.979190 -48.000000 24.505150 0.000000 -0.499990 -0.866030 1.000000 0.000000 0.000000 0.000000 -0.866031 0.499992 85984.dat
1 4 -72.979140 -27.999990 17.576890 0.000000 -0.499990 0.866030 -1.000000 0.000000 0.000000 0.000000 -0.866031 -0.499992 3023.dat
1 4 -43.037880 -27.999990 34.864880 0.000000 1.000000 -0.000014 -1.000000 0.000000 0.000000 0.000000 0.000013 1.000002 3023.dat
1 4 -68.979190 -27.999990 24.505150 0.000000 -0.499990 0.866030 -1.000000 0.000000 0.000000 0.000000 -0.866031 -0.499992 3023.dat
1 4 -51.037900 -27.999990 34.864750 0.000000 1.000000 -0.000014 -1.000000 0.000000 0.000000 0.000000 0.000013 1.000002 3023.dat
1 4 -11.035670 -56.000000 -55.135250 1.000006 0.000000 -0.000006 0.000000 1.000000 0.000000 0.000007 0.000000 0.999999 65426.dat
1 4 -11.036460 -64.000000 -55.135230 0.499991 0.000000 -0.866030 0.000000 1.000000 0.000000 0.866029 0.000000 0.499995 65429.dat
1 4 -33.356870 -56.000000 -53.795580 0.866030 0.000000 0.499988 0.000000 1.000000 0.000000 -0.499989 0.000000 0.866032 3023.dat
1 4 -31.037430 -64.000000 -15.134990 1.000000 0.000000 -0.000008 0.000000 1.000000 0.000000 0.000008 0.000000 1.000003 65426.dat
1 4 -35.677580 -48.000000 -17.815100 0.499991 0.000000 -0.866030 0.000000 1.000000 0.000000 0.866029 0.000000 0.499995 65429.dat
1 4 -93.978860 -16.000000 -18.796410 0.866030 0.000000 0.499990 0.000000 1.000000 0.000000 -0.499992 0.000000 0.866031 3024.dat
1 4 -93.978860 -8.000000 -18.796410 0.866030 0.000000 0.499990 0.000000 1.000000 0.000000 -0.499992 0.000000 0.866031 6141.dat
1 4 -11.036320 -56.000000 4.865060 1.000000 0.000000 -0.000008 0.000000 1.000000 0.000000 0.000008 0.000000 1.000003 3022.dat
1 4 -52.998210 -56.000000 -7.815110 0.499989 0.000000 -0.866030 0.000000 1.000000 0.000000 0.866031 0.000000 0.499991 24299.dat
1 4 -52.998210 -64.000000 -7.815110 0.499989 0.000000 -0.866030 0.000000 1.000000 0.000000 0.866031 0.000000 0.499991 24299.dat
1 4 -83.978950 -56.000000 -1.475690 0.866030 0.000000 0.499990 0.000000 1.000000 0.000000 -0.499992 0.000000 0.866031 3024.dat
1 4 -76.658360 -56.000000 -28.796180 0.866030 0.000000 0.499988 0.000000 1.000000 0.000000 -0.499989 0.000000 0.866032 3623.dat
1 4 -83.978950 -64.000000 -1.475690 0.499990 0.000000 -0.866030 0.000000 1.000000 0.000000 0.866030 0.000000 0.499993 3623.dat
1 4 -55.677700 -16.000000 -17.815210 -0.866020 0.000000 0.500010 0.000000 1.000000 0.000000 -0.500009 0.000000 -0.866020 26601.dat
1 4 -21.037090 -16.000000 2.185160 -0.500011 0.000000 -0.866020 0.000000 1.000000 0.000000 0.866020 0.000000 -0.500010 26601.dat
1 4 -67.998040 -64.000000 -33.796020 0.866030 0.000000 0.499988 0.000000 1.000000 0.000000 -0.499989 0.000000 0.866032 3023.dat
1 4 -48.357760 -8.000000 9.505390 -0.866020 0.000000 0.500010 0.000000 1.000000 0.000000 -0.500010 0.000000 -0.866020 33909.dat
1 4 -68.979190 -17.999990 24.505150 0.000000 -0.499990 -0.866030 1.000000 0.000000 0.000000 0.000000 -0.866031 0.499992 54200.dat
1 4 -51.037900 -18.000000 34.864700 0.000000 1.000000 -0.000014 -1.000000 0.000000 0.000000 0.000000 0.000013 1.000002 54200.dat
1 4 8.965360 -16.000000 -35.135320 1.000000 0.000000 0.000000 0.000000 1.000000 0.000000 0.000000 0.000000 1.000000 3022.dat
1 4 8.964330 -48.000000 -15.135190 0.000000 0.000000 -1.000000 0.000000 1.000000 0.000000 1.000000 0.000000 0.000000 3001.dat
1 4 8.965300 -64.000000 34.865130 1.000000 0.000000 -0.000005 0.000000 1.000000 0.000000 0.000005 0.000000 1.000000 3666.dat
1 4 8.965300 -56.000000 34.865130 1.000000 0.000000 -0.000005 0.000000 1.000000 0.000000 0.000005 0.000000 1.000000 3666.dat
1 4 8.964330 -64.000000 -45.135150 1.000000 0.000000 -0.000006 0.000000 1.000000 0.000000 0.000006 0.000000 1.000000 22385.dat
1 4 8.962379 -8.000000 34.865770 1.000000 0.000000 -0.000016 0.000000 1.000000 0.000000 0.000016 0.000000 1.000000 35480.dat
1 4 8.962390 -16.000000 34.865760 1.000000 0.000000 -0.000016 0.000000 1.000000 0.000000 0.000016 0.000000 1.000000 3023.dat
1 4 8.964340 -64.000000 4.864810 1.000000 0.000000 0.000000 0.000000 1.000000 0.000000 0.000000 0.000000 1.000000 3022.dat
1 4 106.907100 -48.000000 -10.134800 -0.500006 0.000000 -0.866022 0.000000 1.000000 0.000000 0.866022 0.000000 -0.500006 3700.dat
1 4 -88.979080 -48.000000 -10.136080 -0.499988 0.000000 0.866032 0.000000 1.000000 0.000000 -0.866032 0.000000 -0.499988 3700.dat
0 NOFILE
