0 FILE UntitledModel
0 Untitled Model
0 Name:  UntitledModel
0 Author:  Michael Verschaeve
0 CustomBrick
0 NumOfBricks:  243
0 STEP
1 16 57.537300 -21.999990 -116.899700 0.499985 0.000000 0.866034 0.000000 1.000000 0.000000 -0.866034 0.000000 0.499985 diamond_red
1 0 -36.602360 -22.000010 -92.679340 0.500001 0.000000 0.866025 0.000000 1.000000 0.000000 -0.866025 0.000000 0.500001 2780.dat
1 0 32.679620 -22.000010 -52.679330 0.500001 0.000000 0.866025 0.000000 1.000000 0.000000 -0.866025 0.000000 0.500001 2780.dat
1 0 -101.242200 -22.000010 10.000180 0.866020 0.000000 0.500010 0.000000 1.000000 0.000000 -0.500010 0.000000 0.866020 2780.dat
1 0 -81.241820 -22.000010 44.641000 0.866020 0.000000 0.500010 0.000000 1.000000 0.000000 -0.500010 0.000000 0.866020 2780.dat
1 0 -61.241420 -22.000010 79.281780 0.866020 0.000000 0.500010 0.000000 1.000000 0.000000 -0.500010 0.000000 0.866020 2780.dat
1 0 -41.240980 -22.000010 113.922500 0.866020 0.000000 0.500010 0.000000 1.000000 0.000000 -0.500010 0.000000 0.866020 2780.dat
1 0 -81.243770 -22.000010 -95.358230 0.866025 0.500001 0.000000 0.000000 0.000000 1.000000 0.500001 -0.866025 0.000000 2780.dat
1 0 -101.243200 -22.000010 -60.716960 0.866025 0.500001 0.000000 0.000000 0.000000 1.000000 0.500001 -0.866025 0.000000 2780.dat
1 0 -162.485300 -22.000010 -25.357940 0.000004 1.000000 0.000000 0.000000 0.000000 1.000000 1.000000 -0.000004 0.000000 2780.dat
1 0 -202.485300 -22.000010 -25.357710 0.000004 1.000000 0.000000 0.000000 0.000000 1.000000 1.000000 -0.000004 0.000000 2780.dat
1 16 -200.022900 -22.000000 -108.458700 -0.499976 0.000000 -0.866039 0.000000 1.000000 0.000000 0.866039 0.000000 -0.499977 diamond_red
1 16 -154.440800 -22.000000 84.059190 1.000001 0.000000 0.000026 0.000000 1.000000 0.000000 -0.000025 0.000000 1.000000 diamond_red
1 16 11.958340 -22.000000 39.863860 -1.000001 0.000000 -0.000015 0.000000 1.000000 0.000000 0.000015 0.000000 -1.000001 diamond_red
1 2 70.006090 -0.000010 139.280600 1.000000 0.000000 0.000000 0.000000 1.000000 0.000000 0.000000 0.000000 1.000000 6141.dat
0 STEP
0 NOFILE
0 FILE diamond_red
0 diamond_red
0 Name:  diamond_red
0 Author:  
0 CustomBrick
0 NumOfBricks:  58
1 16 43.144740 0.000000 65.224740 1.000000 0.000000 0.000000 0.000000 1.000000 0.000000 0.000000 0.000000 1.000000 kite_red
1 0 48.557060 -0.000010 -2.096350 0.499990 0.000000 -0.866031 0.000000 1.000000 0.000000 0.866031 0.000000 0.499990 2780.dat
1 0 -20.725390 -0.000010 37.902850 0.499990 0.000000 -0.866031 0.000000 1.000000 0.000000 0.866031 0.000000 0.499990 2780.dat
1 4 -46.706360 -10.000010 52.902550 0.499990 0.000000 -0.866031 0.000000 1.000000 0.000000 0.866031 0.000000 0.499990 3700.dat
1 4 -55.366660 -0.000010 57.902450 -0.866031 0.000000 -0.499990 0.000000 1.000000 0.000000 0.499990 0.000000 -0.866031 89678.dat
1 4 -62.294920 -0.000010 61.902360 0.000000 0.866031 0.499990 -1.000000 0.000000 0.000000 0.000000 -0.499990 0.866031 3070b.dat
1 4 -58.046360 -18.000040 20.582340 0.000002 0.000000 -0.999995 0.000000 1.000000 0.000000 1.000000 0.000000 0.000002 3070b.dat
1 4 -24.385350 -18.000000 78.883640 -0.499989 0.000000 -0.866032 0.000000 1.000000 0.000000 0.866033 0.000000 -0.499990 3070b.dat
1 4 -38.046040 -18.000010 47.902930 -0.866022 0.000000 -0.500006 0.000000 1.000000 0.000000 0.500007 0.000000 -0.866024 3068b.dat
1 16 -12.450130 0.000000 -31.070460 0.499990 0.000000 0.866032 0.000000 1.000000 0.000000 -0.866031 0.000000 0.499990 kite_red
0 NOFILE
0 FILE kite_red
0 kite_red
0 Name:  kite_red
0 Author:  
0 CustomBrick
0 NumOfBricks:  25
1 4 8.091530 -2.000010 -0.000180 1.000000 0.000000 0.000002 0.000000 1.000000 0.000000 -0.000002 0.000000 1.000000 3021.dat
1 15 -71.191000 13.999990 -0.001450 -0.866032 0.000000 -0.499990 0.000000 1.000000 0.000000 0.499990 0.000000 -0.866032 2429.dat
1 15 -71.191000 13.999990 -0.001450 0.866022 0.000000 -0.500005 0.000000 1.000000 0.000000 0.500005 0.000000 0.866023 2430.dat
1 4 -24.229010 -10.000010 -38.661210 -0.866031 0.000000 -0.499990 0.000000 1.000000 0.000000 0.499990 0.000000 -0.866031 3894.dat
1 4 -24.229720 -10.000010 38.659060 0.866022 0.000000 -0.500005 0.000000 1.000000 0.000000 0.500005 0.000000 0.866023 3894.dat
1 15 -1.908360 13.999990 -40.000620 0.000018 0.000000 1.000000 0.000000 1.000000 0.000000 -1.000000 0.000000 0.000018 2429.dat
1 15 -1.908500 13.999990 -40.000680 -0.866032 0.000000 -0.499989 0.000000 1.000000 0.000000 0.499989 0.000000 -0.866032 2430.dat
1 15 -1.909270 13.999990 39.998940 0.866022 0.000000 -0.500005 0.000000 1.000000 0.000000 0.500005 0.000000 0.866023 2429.dat
1 15 -1.909270 13.999990 39.998940 0.000000 0.000000 1.000000 0.000000 1.000000 0.000000 -1.000000 0.000000 0.000000 2430.dat
1 4 51.392380 -10.000010 47.680140 0.500015 0.000000 0.866017 0.000000 1.000000 0.000000 -0.866017 0.000000 0.500015 3701.dat
1 4 51.393020 -10.000010 -47.679280 -0.499988 0.000000 0.866033 0.000000 1.000000 0.000000 -0.866033 0.000000 -0.499988 3701.dat
1 15 36.392030 13.999990 73.660610 -0.866017 0.000000 0.500014 0.000000 1.000000 0.000000 -0.500014 0.000000 -0.866017 2420.dat
1 15 36.393140 13.999990 -73.660460 0.499990 0.000000 -0.866031 0.000000 1.000000 0.000000 0.866031 0.000000 0.499990 2420.dat
1 4 66.392400 13.999990 21.699160 0.866022 0.000000 -0.500005 0.000000 1.000000 0.000000 0.500005 0.000000 0.866023 73825.dat
1 4 66.392810 13.999990 -21.697900 -0.866034 0.000000 -0.499986 0.000000 1.000000 0.000000 0.499986 0.000000 -0.866034 73825.dat
1 4 73.392760 2.000010 -9.573230 0.000000 -0.499988 0.866033 -1.000000 0.000000 0.000000 0.000000 -0.866033 -0.499988 85984.dat
1 4 73.392400 2.000000 9.574690 0.000000 -0.500015 0.866017 1.000000 0.000000 0.000000 0.000000 0.866017 0.500015 85984.dat
1 4 18.091570 5.999990 -0.000080 -0.000009 0.000000 -1.000000 0.000000 1.000000 0.000000 1.000000 0.000000 -0.000009 3020.dat
1 4 38.091620 5.999990 -10.000040 -0.000009 0.000000 -1.000000 0.000000 1.000000 0.000000 1.000000 0.000000 -0.000009 29119.dat
1 4 38.091670 5.999990 10.000200 -0.000009 0.000000 -1.000000 0.000000 1.000000 0.000000 1.000000 0.000000 -0.000009 29120.dat
1 4 8.091869 -18.000010 -22.679640 -0.499996 0.000000 0.866028 0.000000 1.000000 0.000000 -0.866028 0.000000 -0.499996 48205.dat
1 4 -21.908490 5.999990 -10.000020 -0.000012 0.000000 1.000000 0.000000 1.000000 0.000000 -1.000000 0.000000 -0.000012 29120.dat
1 4 -21.908390 6.000000 10.000660 -0.000009 0.000000 1.000011 0.000000 1.000000 0.000000 -1.000012 0.000000 -0.000014 29119.dat
1 4 8.091810 -9.999990 0.000080 0.000011 0.000000 -1.000011 0.000000 1.000000 0.000000 1.000011 0.000000 0.000005 3069b.dat
1 4 8.091550 -18.000010 22.680080 0.500005 0.000000 0.866023 0.000000 1.000000 0.000000 -0.866023 0.000000 0.500005 48208.dat
0 NOFILE
