0 FILE UntitledModel
0 Untitled Model
0 Name:  UntitledModel
0 Author:  Michael Verschaeve
0 CustomBrick
0 NumOfBricks:  243
0 STEP
1 16 -140.540600 0.000020 -148.064100 0.499990 0.000000 -0.866032 0.000000 1.000000 0.000000 0.866031 0.000000 0.499990 diamond_white
1 0 -43.397620 -22.000000 -92.680040 0.500005 0.000000 -0.866023 0.000000 1.000000 0.000000 0.866022 0.000000 0.500006 2780.dat
1 0 -112.679400 -22.000000 -52.679660 0.500005 0.000000 -0.866023 0.000000 1.000000 0.000000 0.866022 0.000000 0.500005 2780.dat
1 16 -63.464960 0.000020 52.844500 -1.000000 0.000000 0.000018 0.000000 1.000000 0.000000 -0.000018 0.000000 -1.000000 diamond_white
1 0 21.242740 -22.000000 9.999140 0.866022 0.000000 -0.500005 0.000000 1.000000 0.000000 0.500005 0.000000 0.866022 2780.dat
1 0 1.242530 -22.000000 44.640040 0.866022 0.000000 -0.500005 0.000000 1.000000 0.000000 0.500005 0.000000 0.866022 2780.dat
1 0 -18.757650 -22.000000 79.280910 0.866022 0.000000 -0.500005 0.000000 1.000000 0.000000 0.500005 0.000000 0.866022 2780.dat
1 0 -38.757860 -22.000000 113.921800 0.866022 0.000000 -0.500005 0.000000 1.000000 0.000000 0.500005 0.000000 0.866022 2780.dat
1 16 45.949860 0.000020 71.076500 1.000000 0.000000 -0.000018 0.000000 1.000000 0.000000 0.000018 0.000000 1.000000 diamond_white
1 0 1.243750 -22.000000 -95.359170 0.866023 -0.500005 0.000000 0.000000 0.000000 1.000000 -0.500005 -0.866022 0.000000 2780.dat
1 0 21.243390 -22.000000 -60.718020 0.866023 -0.500005 0.000000 0.000000 0.000000 1.000000 -0.500005 -0.866022 0.000000 2780.dat
1 0 82.485690 -22.000000 -25.359300 0.000000 -1.000001 0.000000 0.000000 0.000000 1.000000 -1.000001 0.000000 0.000000 2780.dat
1 0 122.485700 -22.000000 -25.359340 0.000000 -0.999999 0.000000 0.000000 0.000000 1.000000 -1.000001 0.000000 0.000000 2780.dat
1 16 123.026400 0.000010 -77.295200 -0.499990 0.000000 0.866032 0.000000 1.000000 0.000000 -0.866031 0.000000 -0.499990 diamond_white
1 2 -150.000900 0.000000 139.280300 1.000000 0.000000 0.000000 0.000000 1.000000 0.000000 0.000000 0.000000 1.000000 6141.dat
0 STEP
0 NOFILE
0 FILE diamond_white
0 diamond_white
0 Name:  diamond_white
0 Author:  
0 CustomBrick
0 NumOfBricks:  58
1 16 -39.542920 0.000000 82.972960 1.000000 0.000000 0.000000 0.000000 1.000000 0.000000 0.000000 0.000000 1.000000 kite_white
1 16 24.366270 0.000000 -37.260040 0.500005 0.000000 -0.866023 0.000000 1.000000 0.000000 0.866023 0.000000 0.500005 kite_white
1 0 -20.066360 -22.000020 10.884540 0.499990 0.000000 0.866031 0.000000 1.000000 0.000000 -0.866031 0.000000 0.499990 2780.dat
1 0 49.216140 -22.000020 50.883720 0.499990 0.000000 0.866031 0.000000 1.000000 0.000000 -0.866031 0.000000 0.499990 2780.dat
1 15 75.197100 -32.000020 65.883440 0.499990 0.000000 0.866031 0.000000 1.000000 0.000000 -0.866031 0.000000 0.499990 3700.dat
1 4 83.857410 -22.000020 70.883350 0.866031 0.000000 -0.499990 0.000000 1.000000 0.000000 0.499990 0.000000 0.866031 89678.dat
1 15 90.785670 -22.000020 74.883270 0.000000 -0.866031 -0.499990 1.000000 0.000000 0.000000 0.000000 -0.499990 0.866031 3070b.dat
1 15 52.876820 -40.000030 91.864470 0.866022 0.000000 0.500005 0.000000 1.000000 0.000000 -0.500005 0.000000 0.866022 3070b.dat
1 15 86.536400 -40.000020 33.562730 1.000000 0.000000 0.000017 0.000000 1.000000 0.000000 -0.000017 0.000000 1.000000 3070b.dat
1 15 66.536780 -40.000020 60.883600 0.866031 0.000000 -0.499990 0.000000 1.000000 0.000000 0.499990 0.000000 0.866031 3068b.dat
0 NOFILE
0 FILE kite_white
0 kite_white
0 Name:  kite_white
0 Author:  
0 CustomBrick
0 NumOfBricks:  25
1 15 16.797320 -32.000050 -4.767610 -0.000010 0.000000 0.999999 0.000000 1.000000 0.000000 -0.999999 0.000000 0.000001 3069b.dat
1 15 16.797320 -24.000020 -4.767480 1.000000 0.000000 -0.000002 0.000000 1.000000 0.000000 -0.000009 0.000000 1.000001 3021.dat
1 15 96.079910 -8.000020 -4.768790 -0.866032 0.000000 0.499990 0.000000 1.000000 0.000000 -0.499990 0.000000 -0.866032 2430.dat
1 15 96.079910 -8.000020 -4.768790 0.866023 0.000000 0.500005 0.000000 1.000000 0.000000 -0.500005 0.000000 0.866022 2429.dat
1 15 49.117900 -32.000020 -43.428510 -0.866031 0.000000 0.499990 0.000000 1.000000 0.000000 -0.499990 0.000000 -0.866031 3894.dat
1 15 49.118600 -32.000020 33.891750 0.866023 0.000000 0.500005 0.000000 1.000000 0.000000 -0.500005 0.000000 0.866022 3894.dat
1 15 26.797260 -8.000020 -44.767980 0.000018 0.000000 -1.000001 0.000000 1.000000 0.000000 1.000001 0.000000 0.000018 2430.dat
1 15 26.797380 -8.000020 -44.767990 -0.866031 0.000000 0.499989 0.000000 1.000000 0.000000 -0.499990 0.000000 -0.866032 2429.dat
1 15 26.798130 -8.000020 35.231640 0.866023 0.000000 0.500005 0.000000 1.000000 0.000000 -0.500005 0.000000 0.866022 2430.dat
1 15 26.798130 -8.000020 35.231640 0.000000 0.000000 -1.000000 0.000000 1.000000 0.000000 1.000000 0.000000 0.000000 2429.dat
1 15 -26.503530 -32.000020 42.912820 0.500005 0.000000 -0.866023 0.000000 1.000000 0.000000 0.866022 0.000000 0.500019 3701.dat
1 15 -26.504170 -32.000020 -52.446580 -0.499996 0.000000 -0.866032 0.000000 1.000000 0.000000 0.866051 0.000000 -0.499987 3701.dat
1 15 -11.503370 -8.000020 68.893480 -0.500005 0.000000 0.866024 0.000000 1.000000 0.000000 -0.866023 0.000000 -0.500018 2420.dat
1 15 -11.504300 -8.000020 -78.427800 0.866031 0.000000 -0.499990 0.000000 1.000000 0.000000 0.499990 0.000000 0.866031 2420.dat
1 15 -41.503600 -8.000020 16.931900 0.866024 0.000000 0.500005 0.000000 1.000000 0.000000 -0.500018 0.000000 0.866022 73825.dat
1 15 -41.503920 -8.000020 -26.465280 -0.866033 0.000000 0.499996 0.000000 1.000000 0.000000 -0.499987 0.000000 -0.866052 73825.dat
1 15 -48.503890 -20.000000 -14.340660 0.000000 0.499996 -0.866032 1.000000 0.000000 0.000000 0.000000 -0.866051 -0.499987 85984.dat
1 15 -48.503700 -20.000010 4.807500 0.000000 0.500005 -0.866023 -1.000000 0.000000 0.000000 0.000000 0.866023 0.500018 85984.dat
1 15 6.797290 -16.000020 -4.767400 0.000002 0.000000 1.000000 0.000000 1.000000 0.000000 -1.000001 0.000000 -0.000009 3020.dat
1 15 -13.202780 -16.000020 -14.767340 0.000002 0.000000 1.000000 0.000000 1.000000 0.000000 -1.000001 0.000000 -0.000009 29120.dat
1 15 -13.202810 -16.000020 5.232880 0.000002 0.000000 1.000000 0.000000 1.000000 0.000000 -1.000001 0.000000 -0.000009 29119.dat
1 15 16.798010 -40.000020 17.911180 0.500005 0.000000 -0.866023 0.000000 1.000000 0.000000 0.866023 0.000000 0.500005 48205.dat
1 15 16.796860 -40.000020 -27.447180 -0.500005 0.000000 -0.866022 0.000000 1.000000 0.000000 0.866022 0.000000 -0.500005 48208.dat
1 15 46.797700 -16.000020 5.232640 0.000008 0.000000 -0.999989 0.000000 1.000000 0.000000 0.999993 0.000000 0.000009 29120.dat
1 15 46.797310 -16.000020 -14.767880 0.000008 0.000000 -1.000000 0.000000 1.000000 0.000000 1.000000 0.000000 0.000008 29119.dat
0 NOFILE
