0 Untitled Model
0 Name:  socolar_hexagon
0 Author:  
0 CustomBrick
0 NumOfBricks:  27
1 25 0.000000 -32.640000 2.640000 1.000000 0.000000 0.000000 0.000000 0.000000 1.000000 0.000000 -1.000000 0.000000 30022.dat
1 25 -40.000000 -32.640000 2.640000 -1.000000 0.000000 0.000000 0.000000 0.000000 1.000000 0.000000 1.000000 0.000000 30022.dat
1 0 -20.000000 -34.640010 2.640000 1.000000 0.000000 0.000000 0.000000 1.000000 0.000000 0.000000 0.000000 1.000000 3022.dat
1 71 0.000000 -32.640000 -66.640000 1.000000 0.000000 0.000000 0.000000 0.000000 1.000000 0.000000 -1.000000 0.000000 99781.dat
1 71 -86.926720 -32.640000 41.282570 0.500011 0.866019 0.000000 0.000000 0.000000 1.000000 0.866019 -0.500011 0.000000 99780.dat
1 0 -20.000000 -26.640010 2.640000 1.000000 0.000000 0.000000 0.000000 1.000000 0.000000 0.000000 0.000000 1.000000 3003.dat
1 25 0.000000 7.359980 2.639990 -1.000000 0.000000 0.000000 0.000000 0.000000 1.000000 0.000000 1.000000 0.000000 30022.dat
1 25 -40.000000 7.359980 2.640000 1.000000 0.000000 0.000000 0.000000 0.000000 1.000000 0.000000 -1.000000 0.000000 30022.dat
1 71 46.928270 -2.640000 40.999890 -0.500011 -0.866019 0.000000 0.000000 0.000000 -1.000000 0.866019 -0.500011 0.000000 3022.dat
1 25 40.000120 -22.640010 36.999800 -0.500011 -0.866019 0.000000 0.000000 0.000000 -1.000000 0.866019 -0.500011 0.000000 3022.dat
1 71 46.928270 -32.640010 40.999890 0.500011 -0.866019 0.000000 0.000000 0.000000 1.000000 -0.866019 -0.500011 0.000000 99780.dat
1 25 11.928160 -32.640000 32.340080 0.500011 -0.866019 0.000000 0.000000 0.000000 1.000000 -0.866019 -0.500011 0.000000 63864.dat
1 25 33.071960 -32.640010 32.999720 0.500011 -0.866019 0.000000 0.000000 0.000000 1.000000 -0.866019 -0.500011 0.000000 3023.dat
1 25 21.143700 -32.640020 37.659820 0.000000 -0.866019 0.500011 -1.000000 0.000000 0.000000 0.000000 -0.500011 -0.866019 36840.dat
1 71 25.783140 7.360000 -35.342560 0.500011 -0.866019 0.000000 0.000000 0.000000 -1.000000 0.866019 0.500011 0.000000 3622.dat
1 71 -65.783350 7.360000 40.622160 -0.500011 0.866019 0.000000 0.000000 0.000000 -1.000000 -0.866019 -0.500011 0.000000 3622.dat
1 25 31.143920 -32.640020 20.339440 0.000000 -0.866019 -0.500011 1.000000 0.000000 0.000000 0.000000 -0.500011 0.866019 3024.dat
1 25 11.875510 -32.640010 57.712240 0.000000 0.500011 -0.866019 1.000000 0.000000 0.000000 0.000000 -0.866019 -0.500011 54200.dat
1 25 11.875500 -32.640010 57.712240 0.000000 0.500011 -0.866019 1.000000 0.000000 0.000000 0.000000 -0.866019 -0.500011 3024.dat
1 25 -71.143920 -32.640000 -15.059480 0.000000 0.866019 0.500011 1.000000 0.000000 0.000000 0.000000 0.500011 -0.866019 3024.dat
1 71 -86.928270 -2.640000 -35.719890 0.500011 0.866019 0.000000 0.000000 0.000000 -1.000000 -0.866019 0.500011 0.000000 3022.dat
1 25 -80.000180 -22.640000 -31.719860 0.500011 0.866023 0.000000 0.000000 0.000000 -1.000000 -0.866019 0.500011 0.000000 3022.dat
1 25 -73.072000 -32.640010 -27.719760 -0.500011 0.866023 0.000000 0.000000 0.000000 1.000000 0.866019 0.500011 0.000000 3023.dat
1 25 -61.143720 -32.640010 -32.379890 -0.000001 0.866023 -0.500011 -1.000000 0.000000 0.000000 0.000000 0.500011 0.866019 36840.dat
1 25 -51.875540 -32.640010 -52.432310 0.000001 -0.500011 0.866024 1.000000 0.000000 0.000000 0.000000 0.866019 0.500011 54200.dat
1 25 -51.875540 -32.640010 -52.432310 0.000000 -0.500011 0.866023 1.000000 0.000000 0.000000 0.000000 0.866019 0.500011 3024.dat
1 25 -51.928380 -32.640000 -27.059710 -0.500011 0.866019 0.000000 0.000000 0.000000 1.000000 0.866019 0.500011 0.000000 63864.dat
