0 Untitled Model
0 Name:  howtodosquaretriangletilings
0 Author:  
0 CustomBrick
0 NumOfBricks:  32
1 72 -50.000000 -10.000000 10.000000 0.000000 0.000000 -1.000000 -1.000000 0.000000 0.000000 0.000000 1.000000 0.000000 10197.dat
1 70 -10.000010 -10.000000 9.999990 0.000000 0.000000 -1.000000 0.000000 1.000000 0.000000 1.000000 0.000000 0.000000 10288.dat
1 70 -50.031720 -10.000000 -30.016650 -0.498808 0.000000 -0.866713 0.000000 1.000000 0.000000 0.866713 0.000000 -0.498808 10288.dat
1 71 -84.702640 -10.000000 -49.998060 0.499969 0.000000 -0.866044 0.000000 1.000000 0.000000 0.866044 0.000000 0.499969 57585.dat
1 71 10.005200 -10.000000 44.676830 0.865343 0.000000 -0.501180 0.000000 1.000000 0.000000 0.501180 0.000000 0.865343 57585.dat
1 15 -34.712150 -20.000000 -70.015170 -1.000000 0.000000 0.000000 0.000000 1.000000 0.000000 0.000000 0.000000 -1.000000 3701.dat
1 72 -49.991600 -10.000000 79.438560 0.000000 -0.999993 0.000000 -1.000000 0.000000 0.000000 0.000000 0.000000 -0.999993 10197.dat
1 70 -49.991440 -10.000000 119.438200 -0.999993 0.000000 0.000000 0.000000 1.000000 0.000000 0.000000 0.000000 -0.999993 10288.dat
1 70 -9.975100 -10.000000 79.406720 -0.866707 0.000000 0.498805 0.000000 1.000000 0.000000 -0.498805 0.000000 -0.866707 10288.dat
1 72 -119.341200 -10.000000 79.463220 0.000000 0.000000 1.000000 -1.000000 0.000000 0.000000 0.000000 -1.000000 0.000000 10197.dat
1 70 -159.341200 -10.000000 79.463250 0.000000 0.000000 1.000000 0.000000 1.000000 0.000000 -1.000000 0.000000 0.000000 10288.dat
1 70 -119.309500 -10.000000 119.479800 0.498808 0.000000 0.866713 0.000000 1.000000 0.000000 -0.866713 0.000000 0.498808 10288.dat
1 71 -84.638690 -10.000000 139.461300 -0.499969 0.000000 0.866044 0.000000 1.000000 0.000000 -0.866044 0.000000 -0.499969 57585.dat
1 71 -179.346400 -10.000000 44.786440 -0.865343 0.000000 0.501180 0.000000 1.000000 0.000000 -0.501180 0.000000 -0.865343 57585.dat
1 72 -119.349600 -10.000000 10.024650 0.000000 0.999993 0.000001 -1.000000 0.000000 0.000000 0.000000 0.000000 0.999993 10197.dat
1 70 -119.349800 -10.000000 -29.974970 0.999993 0.000000 0.000001 0.000000 1.000000 0.000000 0.000000 0.000000 0.999993 10288.dat
1 70 -159.366100 -10.000000 10.056520 0.866707 0.000000 -0.498804 0.000000 1.000000 0.000000 0.498804 0.000000 0.866707 10288.dat
1 15 -134.712200 -20.000000 -70.015170 -1.000000 0.000000 0.000000 0.000000 1.000000 0.000000 0.000000 0.000000 -1.000000 3701.dat
1 15 -84.712150 -20.000000 -70.015170 1.000000 0.000000 0.000000 0.000000 1.000000 0.000000 0.000000 0.000000 1.000000 73230.dat
1 15 -84.712150 4.000000 -70.015170 1.000000 0.000000 0.000000 0.000000 1.000000 0.000000 0.000000 0.000000 1.000000 78329.dat
1 15 30.022270 -20.000000 94.700380 0.000000 0.000000 1.000000 0.000000 1.000000 0.000000 -1.000000 0.000000 0.000000 3701.dat
1 15 30.022260 -20.000000 -5.299600 0.000000 0.000000 1.000000 0.000000 1.000000 0.000000 -1.000000 0.000000 0.000000 3701.dat
1 15 30.022280 -20.000000 44.700360 0.000000 0.000000 -1.000000 0.000000 1.000000 0.000000 1.000000 0.000000 0.000000 73230.dat
1 15 30.022280 4.000000 44.700360 0.000000 0.000000 -1.000000 0.000000 1.000000 0.000000 1.000000 0.000000 0.000000 78329.dat
1 15 -134.628300 -20.000000 159.478300 1.000000 0.000000 0.000000 0.000000 1.000000 0.000000 0.000000 0.000000 1.000000 3701.dat
1 15 -34.627960 -20.000000 159.479100 1.000005 0.000000 0.000000 0.000000 1.000000 0.000000 0.000000 0.000000 1.000006 3701.dat
1 15 -84.628170 -20.000000 159.479000 -1.000005 0.000000 0.000000 0.000000 1.000000 0.000000 0.000000 0.000000 -1.000006 73230.dat
1 15 -84.628170 4.000000 159.479000 -1.000005 0.000000 0.000000 0.000000 1.000000 0.000000 0.000000 0.000000 -1.000006 78329.dat
1 15 -199.363500 -20.000000 -5.237380 0.000000 0.000000 -1.000005 0.000000 1.000000 0.000000 1.000006 0.000000 0.000000 3701.dat
1 15 -199.363500 -20.000000 94.763190 0.000000 0.000000 -1.000005 0.000000 1.000000 0.000000 1.000006 0.000000 0.000000 3701.dat
1 15 -199.363500 -20.000000 44.762940 0.000000 0.000000 1.000005 0.000000 1.000000 0.000000 -1.000006 0.000000 0.000000 73230.dat
1 15 -199.363500 4.000000 44.762940 0.000000 0.000000 1.000005 0.000000 1.000000 0.000000 -1.000006 0.000000 0.000000 78329.dat
