0 Untitled Model
0 Name:  UntitledModel
0 Author:  
0 CustomBrick
1 4 40.000000 -32.000000 10.000000 -1.000000 0.000000 0.000000 0.000000 1.000000 0.000000 0.000000 0.000000 -1.000000 3701.dat
1 4 -60.000040 -32.000000 10.000000 -1.000000 0.000000 0.000000 0.000000 1.000000 0.000000 0.000000 0.000000 -1.000000 3701.dat
1 4 -10.000000 -32.000000 10.000000 1.000000 0.000000 0.000000 0.000000 1.000000 0.000000 0.000000 0.000000 1.000000 73230.dat
1 4 -10.000000 -8.000000 10.000000 1.000000 0.000000 0.000000 0.000000 1.000000 0.000000 0.000000 0.000000 1.000000 78329.dat
1 2 -100.000200 -8.000000 19.999800 -1.000000 0.000000 0.000020 0.000000 1.000000 0.000000 -0.000020 0.000000 -1.000000 2429.dat
1 2 -99.999880 -7.999880 19.999570 0.499986 0.000000 -0.866030 0.000000 1.000000 0.000000 0.866040 0.000000 0.499985 2430.dat
1 4 -88.660750 -31.999880 59.640940 0.499987 0.000000 -0.866033 0.000000 1.000000 0.000000 0.866033 0.000000 0.499987 3701.dat
1 4 -38.662420 -31.999880 146.244300 0.499987 0.000000 -0.866031 0.000000 1.000000 0.000000 0.866031 0.000000 0.499986 3701.dat
1 4 -63.661740 -31.999880 102.942800 -0.499987 0.000000 0.866031 0.000000 1.000000 0.000000 -0.866031 0.000000 -0.499986 73230.dat
1 4 -63.661740 -7.999880 102.942800 -0.499987 0.000000 0.866031 0.000000 1.000000 0.000000 -0.866031 0.000000 -0.499986 78329.dat
1 2 -10.002840 -7.999880 175.886000 0.499970 0.000000 -0.866042 0.000000 1.000000 0.000000 0.866042 0.000000 0.499969 2429.dat
1 2 -10.003230 -7.999760 175.885800 0.500031 0.000000 0.866005 0.000000 1.000000 0.000000 -0.866010 0.000000 0.500023 2430.dat
1 4 18.662200 -32.000120 146.244700 0.499984 0.000000 0.866028 0.000000 1.000000 0.000000 -0.866039 0.000000 0.499984 3701.dat
1 4 68.660600 -32.000120 59.640930 0.499983 0.000000 0.866028 0.000000 1.000000 0.000000 -0.866036 0.000000 0.499984 3701.dat
1 4 43.661380 -32.000120 102.942800 -0.499983 0.000000 -0.866028 0.000000 1.000000 0.000000 0.866036 0.000000 -0.499984 73230.dat
1 4 43.661380 -8.000120 102.942800 -0.499983 0.000000 -0.866028 0.000000 1.000000 0.000000 0.866036 0.000000 -0.499984 78329.dat
1 2 79.999870 -8.000120 19.999540 0.500001 0.000000 0.866019 0.000000 1.000000 0.000000 -0.866028 0.000000 0.500001 2429.dat
1 2 80.000000 -8.000000 20.000000 -1.000000 0.000000 0.000000 0.000000 1.000000 0.000000 0.000000 0.000000 -1.000000 2430.dat
