0 Untitled Model
0 Name:  thickKite
0 Author:  Michael Verschaeve
0 CustomBrick
0 NumOfBricks:  73
1 15 -23.617400 -8.000000 -15.978230 0.587787 0.000000 -0.809016 0.000000 1.000000 0.000000 0.809016 0.000000 0.587787 2430.dat
1 15 -23.617400 -8.000000 -15.978230 -0.587784 0.000000 -0.809018 0.000000 1.000000 0.000000 0.809018 0.000000 -0.587784 2429.dat
1 72 -19.951840 -16.000000 6.079960 0.587787 0.000000 -0.809016 0.000000 1.000000 0.000000 0.809016 0.000000 0.587787 50340.dat
1 72 -19.951890 -16.000000 -38.036410 -0.587784 0.000000 -0.809018 0.000000 1.000000 0.000000 0.809018 0.000000 -0.587785 50340.dat
1 322 -0.105890 -24.000000 16.382500 0.951056 0.000000 0.309018 0.000000 1.000000 0.000000 -0.309018 0.000000 0.951056 2430.dat
1 322 -0.105960 -24.000000 16.382450 0.587787 0.000000 -0.809016 0.000000 1.000000 0.000000 0.809016 0.000000 0.587787 2429.dat
1 15 37.936220 -8.000000 4.022280 0.000001 0.000000 0.999996 0.000000 1.000000 0.000000 -1.000013 0.000000 0.000002 2430.dat
1 15 37.936370 -8.000000 4.021740 0.951056 0.000000 0.309017 0.000000 1.000000 0.000000 -0.309018 0.000000 0.951055 2429.dat
1 72 47.936360 -16.000000 -15.978320 0.000001 0.000000 1.000003 0.000000 1.000000 0.000000 -1.000000 0.000000 -0.000002 50340.dat
1 72 22.005390 -16.000000 19.712680 0.951056 0.000000 0.309019 0.000000 1.000000 0.000000 -0.309019 0.000000 0.951056 50340.dat
1 322 -0.106040 -24.000000 -48.338920 -0.587785 0.000000 -0.809018 0.000000 1.000000 0.000000 0.809018 0.000000 -0.587785 2430.dat
1 322 -0.105960 -24.000000 -48.338930 -0.951058 0.000000 0.309019 0.000000 1.000000 0.000000 -0.309015 0.000000 -0.951058 2429.dat
1 72 22.005400 -16.000000 -51.669260 -0.951056 0.000000 0.309018 0.000000 1.000000 0.000000 -0.309018 0.000000 -0.951056 50340.dat
1 71 22.005400 -8.000000 -51.669260 0.951056 0.000000 -0.309018 0.000000 1.000000 0.000000 0.309018 0.000000 0.951056 3023.dat
1 15 37.936440 0.000000 -35.977420 -0.951071 0.000000 0.309013 0.000000 1.000000 0.000000 -0.309018 0.000000 -0.951056 2430.dat
1 15 37.936000 0.000000 -35.977760 -0.000006 0.000000 1.000000 0.000000 1.000000 0.000000 -1.000000 0.000000 -0.000006 2429.dat
1 322 57.936400 -24.000000 -15.978370 0.000003 0.000000 -1.000000 0.000000 1.000000 0.000000 1.000000 0.000000 0.000003 3022.dat
1 15 139.489300 -8.000000 -15.977820 -0.587781 0.000000 0.809007 0.000000 1.000000 0.000000 -0.809021 0.000000 -0.587782 2430.dat
1 15 139.489300 -8.000000 -15.977820 0.587775 0.000000 0.809009 0.000000 1.000000 0.000000 -0.809013 0.000000 0.587790 2429.dat
1 72 135.823700 -16.000000 -38.036060 -0.587781 0.000000 0.809007 0.000000 1.000000 0.000000 -0.809021 0.000000 -0.587782 50340.dat
1 72 135.823900 -16.000000 6.080330 0.587775 0.000000 0.809009 0.000000 1.000000 0.000000 -0.809013 0.000000 0.587791 50340.dat
1 322 115.978100 -24.000000 -48.338750 -0.951046 0.000000 -0.309015 0.000000 1.000000 0.000000 0.309014 0.000000 -0.951060 2430.dat
1 322 115.978100 -24.000000 -48.338700 -0.587781 0.000000 0.809007 0.000000 1.000000 0.000000 -0.809021 0.000000 -0.587782 2429.dat
1 15 77.936480 -8.000000 -35.978660 0.000002 0.000000 -0.999988 0.000000 1.000000 0.000000 1.000013 0.000000 -0.000007 2430.dat
1 15 77.936290 -8.000000 -35.978120 -0.951047 0.000000 -0.309015 0.000000 1.000000 0.000000 0.309013 0.000000 -0.951059 2429.dat
1 72 67.936400 -16.000000 -15.978360 0.000003 0.000000 -1.000000 0.000000 1.000000 0.000000 1.000000 0.000000 0.000003 50340.dat
1 72 93.866970 -16.000000 -51.668910 -0.951047 0.000000 -0.309015 0.000000 1.000000 0.000000 0.309014 0.000000 -0.951060 50340.dat
1 322 115.978200 -24.000000 16.382750 0.587775 0.000000 0.809010 0.000000 1.000000 0.000000 -0.809014 0.000000 0.587791 2430.dat
1 322 115.978200 -24.000000 16.382790 0.951046 0.000000 -0.309015 0.000000 1.000000 0.000000 0.309023 0.000000 0.951058 2429.dat
1 72 93.867030 -16.000000 19.713000 0.951044 0.000000 -0.309014 0.000000 1.000000 0.000000 0.309026 0.000000 0.951056 50340.dat
1 71 93.867030 -8.000000 19.713000 -0.951044 0.000000 0.309014 0.000000 1.000000 0.000000 -0.309026 0.000000 -0.951056 3023.dat
1 15 77.936100 0.000000 4.021050 0.951059 0.000000 -0.309009 0.000000 1.000000 0.000000 0.309026 0.000000 0.951055 2430.dat
1 15 77.936520 0.000000 4.021360 0.000009 0.000000 -0.999992 0.000000 1.000000 0.000000 1.000000 0.000000 0.000002 2429.dat
1 322 46.916990 -32.000000 81.103700 -0.809016 0.000000 -0.587787 0.000000 1.000000 0.000000 0.587787 0.000000 -0.809016 65426.dat
1 15 65.575340 -8.000000 -74.020370 0.951056 0.000000 0.309015 0.000000 1.000000 0.000000 -0.309014 0.000000 0.951058 2430.dat
1 15 65.575880 -8.000000 -74.020340 0.587784 0.000000 -0.809005 0.000000 1.000000 0.000000 0.809020 0.000000 0.587789 2429.dat
1 15 42.064480 0.000000 -106.381100 0.587793 0.000000 -0.809011 0.000000 1.000000 0.000000 0.809012 0.000000 0.587793 2430.dat
1 15 42.064680 0.000000 -106.380600 -0.587774 0.000000 -0.809024 0.000000 1.000000 0.000000 0.809022 0.000000 -0.587766 2429.dat
1 71 90.776840 0.000000 -61.179540 0.309014 0.000000 -0.951057 0.000000 1.000000 0.000000 0.951057 0.000000 0.309014 3022.dat
1 72 87.686630 -16.000000 -70.690080 0.951057 0.000000 0.309015 0.000000 1.000000 0.000000 -0.309015 0.000000 0.951057 50340.dat
1 71 45.729880 -8.000000 -128.438700 -0.587770 0.000000 -0.809029 0.000000 1.000000 0.000000 0.809029 0.000000 -0.587770 3023.dat
1 72 45.730240 -16.000000 -84.322940 0.587793 0.000000 -0.809011 0.000000 1.000000 0.000000 0.809011 0.000000 0.587793 50340.dat
1 72 45.729890 -16.000000 -128.438700 -0.587770 0.000000 -0.809029 0.000000 1.000000 0.000000 0.809029 0.000000 -0.587770 50340.dat
1 322 65.575320 -24.000000 -74.020360 0.951058 0.000000 0.309015 0.000000 1.000000 0.000000 -0.309015 0.000000 0.951058 2430.dat
1 322 65.576050 -24.000000 -74.020680 0.587783 0.000000 -0.809017 0.000000 1.000000 0.000000 0.809023 0.000000 0.587784 2429.dat
1 322 45.729890 -24.000000 -128.438700 -0.587770 0.000000 -0.809029 0.000000 1.000000 0.000000 0.809029 0.000000 -0.587770 3023.dat
1 71 25.095580 0.000000 29.223230 -0.309017 0.000000 0.951057 0.000000 1.000000 0.000000 -0.951057 0.000000 -0.309017 3022.dat
1 72 28.185880 -16.000000 38.733730 -0.951057 0.000000 -0.309016 0.000000 1.000000 0.000000 0.309017 0.000000 -0.951055 50340.dat
1 15 50.297060 -8.000000 42.063960 -0.951057 0.000000 -0.309017 0.000000 1.000000 0.000000 0.309017 0.000000 -0.951057 2430.dat
1 15 50.296620 -8.000000 42.064060 -0.587786 0.000000 0.809005 0.000000 1.000000 0.000000 -0.809020 0.000000 -0.587792 2429.dat
1 15 73.808040 0.000000 74.424760 -0.587796 0.000000 0.809011 0.000000 1.000000 0.000000 -0.809011 0.000000 -0.587796 2430.dat
1 15 73.807860 0.000000 74.424260 0.587773 0.000000 0.809026 0.000000 1.000000 0.000000 -0.809024 0.000000 0.587764 2429.dat
1 72 70.142280 -16.000000 52.366580 -0.587796 0.000000 0.809011 0.000000 1.000000 0.000000 -0.809011 0.000000 -0.587796 50340.dat
1 322 50.297160 -24.000000 42.064040 -0.951058 0.000000 -0.309016 0.000000 1.000000 0.000000 0.309017 0.000000 -0.951058 2430.dat
1 322 50.296410 -24.000000 42.064340 -0.587785 0.000000 0.809017 0.000000 1.000000 0.000000 -0.809023 0.000000 -0.587787 2429.dat
1 71 70.142700 -8.000000 96.482490 0.587767 0.000000 0.809030 0.000000 1.000000 0.000000 -0.809030 0.000000 0.587767 3023.dat
1 72 70.142230 -16.000000 96.482720 0.587767 0.000000 0.809030 0.000000 1.000000 0.000000 -0.809030 0.000000 0.587767 50340.dat
1 322 70.142230 -24.000000 96.482720 0.587767 0.000000 0.809030 0.000000 1.000000 0.000000 -0.809030 0.000000 0.587767 3023.dat
1 322 -14.073990 -32.000000 14.170150 0.587787 0.000000 -0.809016 0.000000 1.000000 0.000000 0.809016 0.000000 0.587787 3623.dat
1 322 3.559620 -40.000000 38.440620 0.587787 0.000000 -0.809016 0.000000 1.000000 0.000000 0.809016 0.000000 0.587787 6636.dat
1 322 68.954800 -32.000000 -113.059600 0.809014 0.000000 0.587788 0.000000 1.000000 0.000000 -0.587788 0.000000 0.809016 65426.dat
1 322 129.945800 -32.000000 -46.126200 -0.587788 0.000000 0.809015 0.000000 1.000000 0.000000 -0.809015 0.000000 -0.587788 3623.dat
1 322 112.312200 -40.000000 -70.396680 -0.587788 0.000000 0.809014 0.000000 1.000000 0.000000 -0.809015 0.000000 -0.587788 6636.dat
1 322 81.897600 -32.000000 80.302020 0.587767 0.000000 0.809030 0.000000 1.000000 0.000000 -0.809030 0.000000 0.587767 3023.dat
1 322 64.264240 -32.000000 104.572700 0.809017 0.000000 -0.587785 0.000000 1.000000 0.000000 0.587785 0.000000 0.809017 6141.dat
1 322 33.974220 -32.000000 -112.258300 -0.587768 0.000000 -0.809030 0.000000 1.000000 0.000000 0.809030 0.000000 -0.587767 3023.dat
1 322 51.607580 -32.000000 -136.529000 -0.809017 0.000000 0.587786 0.000000 1.000000 0.000000 -0.587785 0.000000 -0.809017 6141.dat
1 322 93.652920 -40.000000 64.121420 -0.587767 0.000000 -0.809030 0.000000 1.000000 0.000000 0.809030 0.000000 -0.587767 6636.dat
1 322 135.824000 -32.000000 6.080410 0.587792 0.000000 0.809012 0.000000 1.000000 0.000000 -0.809012 0.000000 0.587792 15573.dat
1 322 133.611800 -40.000000 -7.887630 -0.809012 0.000000 0.587793 0.000000 1.000000 0.000000 -0.587793 0.000000 -0.809012 35787.dat
1 322 22.218860 -40.000000 -96.077720 -0.587767 0.000000 -0.809030 0.000000 1.000000 0.000000 0.809030 0.000000 -0.587767 6636.dat
1 322 -19.951920 -32.000000 -38.036410 -0.587785 0.000000 -0.809018 0.000000 1.000000 0.000000 0.809018 0.000000 -0.587785 15573.dat
1 322 -17.739610 -40.000000 -24.068400 0.809017 0.000000 -0.587785 0.000000 1.000000 0.000000 0.587785 0.000000 0.809018 35787.dat
