0 Untitled Model
0 Name:  thinKite
0 Author:  Michael Verschaeve
0 CustomBrick
0 NumOfBricks:  30
1 2 -231.363100 -8.000000 19.999970 0.951057 0.000000 -0.309017 0.000000 1.000000 0.000000 0.309017 0.000000 0.951057 2430.dat
1 2 -231.362800 -8.000000 20.000550 0.000001 0.000000 -0.999998 0.000000 1.000000 0.000000 1.000003 0.000000 0.000001 2429.dat
1 2 -215.432200 -8.000000 -35.690950 0.951057 0.000000 0.309017 0.000000 1.000000 0.000000 -0.309017 0.000000 0.951057 3023.dat
1 2 -127.399300 -16.000000 26.420380 0.951057 0.000000 0.309017 0.000000 1.000000 0.000000 -0.309017 0.000000 0.951057 78329.dat
1 2 -127.399300 -16.000000 -26.420420 0.951057 0.000000 -0.309017 0.000000 1.000000 0.000000 0.309017 0.000000 0.951057 78329.dat
1 2 -243.963900 -16.000000 -26.420440 -0.951057 0.000000 -0.309017 0.000000 1.000000 0.000000 0.309017 0.000000 -0.951057 78329.dat
1 2 -243.963900 -16.000000 26.420350 -0.951057 0.000000 0.309017 0.000000 1.000000 0.000000 -0.309017 0.000000 -0.951056 78329.dat
1 2 -79.846440 -8.000000 10.969520 0.309017 0.000000 -0.951057 0.000000 1.000000 0.000000 0.951057 0.000000 0.309017 29119.dat
1 2 -79.846420 -8.000000 -10.969560 -0.309018 0.000000 -0.951057 0.000000 1.000000 0.000000 0.951057 0.000000 -0.309018 29120.dat
1 2 -291.516800 -8.000000 -10.969580 -0.309017 0.000000 0.951056 0.000000 1.000000 0.000000 -0.951056 0.000000 -0.309017 29119.dat
1 2 -291.516700 -8.000000 10.969460 0.309018 0.000000 0.951056 0.000000 1.000000 0.000000 -0.951057 0.000000 0.309018 29120.dat
1 72 -241.363100 0.000000 -0.000150 0.000000 0.000000 -1.000000 0.000000 1.000000 0.000000 0.999999 0.000000 0.000000 50340.dat
1 72 -215.432200 0.000000 35.690880 0.951057 0.000000 -0.309017 0.000000 1.000000 0.000000 0.309017 0.000000 0.951057 50340.dat
1 72 -215.432200 0.000000 -35.691010 -0.951057 0.000000 -0.309017 0.000000 1.000000 0.000000 0.309017 0.000000 -0.951056 50340.dat
1 15 -231.362500 7.999990 -20.000370 0.000001 0.000000 -0.999998 0.000000 1.000000 0.000000 1.000002 0.000000 -0.000002 2430.dat
1 15 -231.363100 8.000000 -19.999890 -0.951057 0.000000 -0.309017 0.000000 1.000000 0.000000 0.309017 0.000000 -0.951057 2429.dat
1 15 -215.432200 8.000000 35.690890 0.951057 0.000000 -0.309017 0.000000 1.000000 0.000000 0.309017 0.000000 0.951057 3023.dat
1 2 -140.000000 -8.000000 -20.000040 -0.951056 0.000000 0.309017 0.000000 1.000000 0.000000 -0.309017 0.000000 -0.951056 2430.dat
1 2 -140.000400 -8.000000 -20.000700 -0.000001 0.000000 0.999999 0.000000 1.000000 0.000000 -1.000002 0.000000 0.000000 2429.dat
1 72 -130.000000 0.000000 0.000000 0.000000 0.000000 1.000000 0.000000 1.000000 0.000000 -0.999998 0.000000 0.000000 50340.dat
1 72 -155.931000 0.000000 -35.691040 -0.951058 0.000000 0.309017 0.000000 1.000000 0.000000 -0.309017 0.000000 -0.951055 50340.dat
1 72 -155.931000 0.000000 35.690740 0.951058 0.000000 0.309017 0.000000 1.000000 0.000000 -0.309016 0.000000 0.951055 50340.dat
1 15 -140.000700 8.000000 20.000120 -0.000001 0.000000 0.999999 0.000000 1.000000 0.000000 -1.000001 0.000000 0.000003 2430.dat
1 15 -140.000000 8.000000 19.999680 0.951058 0.000000 0.309017 0.000000 1.000000 0.000000 -0.309016 0.000000 0.951055 2429.dat
1 15 -155.931000 8.000000 -35.691040 -0.951057 0.000000 0.309017 0.000000 1.000000 0.000000 -0.309018 0.000000 -0.951055 3023.dat
1 2 -155.931000 -8.000000 35.690770 0.951056 0.000000 0.309018 0.000000 1.000000 0.000000 -0.309018 0.000000 0.951056 3023.dat
1 2 -168.531700 -8.000000 29.270490 0.951057 0.000000 0.309017 0.000000 1.000000 0.000000 -0.309017 0.000000 0.951057 29120.dat
1 2 -202.831400 -8.000000 29.270480 0.951056 0.000000 -0.309018 0.000000 1.000000 0.000000 0.309018 0.000000 0.951056 29119.dat
1 2 -202.831500 -8.000000 -29.270550 -0.951057 0.000000 -0.309017 0.000000 1.000000 0.000000 0.309017 0.000000 -0.951057 29120.dat
1 2 -168.531800 -8.000000 -29.270510 -0.951057 0.000000 0.309018 0.000000 1.000000 0.000000 -0.309018 0.000000 -0.951057 29119.dat
